
【aig】
136: 165 161 157 153 149 145 141 137 133 129 119 115 111 107 103 99 95 91 87 79 80 81 76 77 78 67 68 69 70 71 72 73 74 75 82 83 84 85 86 88 89 90 92 93 94 96 97 98 100 101 102 104 105 106 108 109 110 112 113 114 116 117 118 120 121 122 130 131 132 134 135 136 138 139 140 142 143 144 146 147 148 150 151 152 154 155 156 158 159 160 162 163 164 166 167 168 382 383 384 385 386 387
135: 103 99 95 91 87 79 80 81 76 77 78 67 68 69 70 71 72 73 74 75 82 83 84 85 86 88 89 90 92 93 94 96 97 98 100 101 102 104 105 106 376 377 378 379 380 381
134: 157 153 149 145 141 137 133 129 119 115 111 107 103 99 95 91 87 79 80 81 76 77 78 67 68 69 70 71 72 73 74 75 82 83 84 85 86 88 89 90 92 93 94 96 97 98 100 101 102 104 105 106 108 109 110 112 113 114 116 117 118 120 121 122 130 131 132 134 135 136 138 139 140 142 143 144 146 147 148 150 151 152 154 155 156 158 159 160 370 371 372 373 374 375
133: 129 119 115 111 107 103 99 95 91 87 79 80 81 76 77 78 67 68 69 70 71 72 73 74 75 82 83 84 85 86 88 89 90 92 93 94 96 97 98 100 101 102 104 105 106 108 109 110 112 113 114 116 117 118 120 121 122 130 131 132 364 365 366 367 368 369
132: 173 169 165 161 157 153 149 145 141 137 133 129 119 115 111 107 103 99 95 91 87 79 80 81 76 77 78 67 68 69 70 71 72 73 74 75 82 83 84 85 86 88 89 90 92 93 94 96 97 98 100 101 102 104 105 106 108 109 110 112 113 114 116 117 118 120 121 122 130 131 132 134 135 136 138 139 140 142 143 144 146 147 148 150 151 152 154 155 156 158 159 160 162 163 164 166 167 168 170 171 172 174 175 176 358 359 360 361 362 363
131: 91 87 79 80 81 76 77 78 67 68 69 70 71 72 73 74 75 82 83 84 85 86 88 89 90 92 93 94 352 353 354 355 356 357
130: 111 107 103 99 95 91 87 79 80 81 76 77 78 67 68 69 70 71 72 73 74 75 82 83 84 85 86 88 89 90 92 93 94 96 97 98 100 101 102 104 105 106 108 109 110 112 113 114 346 347 348 349 350 351
129: 169 165 161 157 153 149 145 141 137 133 129 119 115 111 107 103 99 95 91 87 79 80 81 76 77 78 67 68 69 70 71 72 73 74 75 82 83 84 85 86 88 89 90 92 93 94 96 97 98 100 101 102 104 105 106 108 109 110 112 113 114 116 117 118 120 121 122 130 131 132 134 135 136 138 139 140 142 143 144 146 147 148 150 151 152 154 155 156 158 159 160 162 163 164 166 167 168 170 171 172 340 341 342 343 344 345
128: 85 80 77 79 76 74 67 73 203 204 205 206 207 208 209 210 211 212 332 333 334 335 336 337 338 339
127: 85 80 77 79 76 74 67 73 203 204 205 206 207 208 209 210 211 212 332 333
96: 173 169 165 161 157 153 149 145 141 137 133 129 119 115 111 107 103 99 95 91 87 79 80 81 76 77 78 67 68 69 70 71 72 73 74 75 82 83 84 85 86 88 89 90 92 93 94 96 97 98 100 101 102 104 105 106 108 109 110 112 113 114 116 117 118 120 121 122 130 131 132 134 135 136 138 139 140 142 143 144 146 147 148 150 151 152 154 155 156 158 159 160 162 163 164 166 167 168 170 171 172 174 175 176
95: 169 165 161 157 153 149 145 141 137 133 129 119 115 111 107 103 99 95 91 87 79 80 81 76 77 78 67 68 69 70 71 72 73 74 75 82 83 84 85 86 88 89 90 92 93 94 96 97 98 100 101 102 104 105 106 108 109 110 112 113 114 116 117 118 120 121 122 130 131 132 134 135 136 138 139 140 142 143 144 146 147 148 150 151 152 154 155 156 158 159 160 162 163 164 166 167 168 170 171 172
94: 165 161 157 153 149 145 141 137 133 129 119 115 111 107 103 99 95 91 87 79 80 81 76 77 78 67 68 69 70 71 72 73 74 75 82 83 84 85 86 88 89 90 92 93 94 96 97 98 100 101 102 104 105 106 108 109 110 112 113 114 116 117 118 120 121 122 130 131 132 134 135 136 138 139 140 142 143 144 146 147 148 150 151 152 154 155 156 158 159 160 162 163 164 166 167 168
93: 161 157 153 149 145 141 137 133 129 119 115 111 107 103 99 95 91 87 79 80 81 76 77 78 67 68 69 70 71 72 73 74 75 82 83 84 85 86 88 89 90 92 93 94 96 97 98 100 101 102 104 105 106 108 109 110 112 113 114 116 117 118 120 121 122 130 131 132 134 135 136 138 139 140 142 143 144 146 147 148 150 151 152 154 155 156 158 159 160 162 163 164
92: 157 153 149 145 141 137 133 129 119 115 111 107 103 99 95 91 87 79 80 81 76 77 78 67 68 69 70 71 72 73 74 75 82 83 84 85 86 88 89 90 92 93 94 96 97 98 100 101 102 104 105 106 108 109 110 112 113 114 116 117 118 120 121 122 130 131 132 134 135 136 138 139 140 142 143 144 146 147 148 150 151 152 154 155 156 158 159 160
91: 153 149 145 141 137 133 129 119 115 111 107 103 99 95 91 87 79 80 81 76 77 78 67 68 69 70 71 72 73 74 75 82 83 84 85 86 88 89 90 92 93 94 96 97 98 100 101 102 104 105 106 108 109 110 112 113 114 116 117 118 120 121 122 130 131 132 134 135 136 138 139 140 142 143 144 146 147 148 150 151 152 154 155 156
90: 149 145 141 137 133 129 119 115 111 107 103 99 95 91 87 79 80 81 76 77 78 67 68 69 70 71 72 73 74 75 82 83 84 85 86 88 89 90 92 93 94 96 97 98 100 101 102 104 105 106 108 109 110 112 113 114 116 117 118 120 121 122 130 131 132 134 135 136 138 139 140 142 143 144 146 147 148 150 151 152
89: 145 141 137 133 129 119 115 111 107 103 99 95 91 87 79 80 81 76 77 78 67 68 69 70 71 72 73 74 75 82 83 84 85 86 88 89 90 92 93 94 96 97 98 100 101 102 104 105 106 108 109 110 112 113 114 116 117 118 120 121 122 130 131 132 134 135 136 138 139 140 142 143 144 146 147 148
88: 141 137 133 129 119 115 111 107 103 99 95 91 87 79 80 81 76 77 78 67 68 69 70 71 72 73 74 75 82 83 84 85 86 88 89 90 92 93 94 96 97 98 100 101 102 104 105 106 108 109 110 112 113 114 116 117 118 120 121 122 130 131 132 134 135 136 138 139 140 142 143 144
87: 137 133 129 119 115 111 107 103 99 95 91 87 79 80 81 76 77 78 67 68 69 70 71 72 73 74 75 82 83 84 85 86 88 89 90 92 93 94 96 97 98 100 101 102 104 105 106 108 109 110 112 113 114 116 117 118 120 121 122 130 131 132 134 135 136 138 139 140
86: 133 129 119 115 111 107 103 99 95 91 87 79 80 81 76 77 78 67 68 69 70 71 72 73 74 75 82 83 84 85 86 88 89 90 92 93 94 96 97 98 100 101 102 104 105 106 108 109 110 112 113 114 116 117 118 120 121 122 130 131 132 134 135 136
85: 129 119 115 111 107 103 99 95 91 87 79 80 81 76 77 78 67 68 69 70 71 72 73 74 75 82 83 84 85 86 88 89 90 92 93 94 96 97 98 100 101 102 104 105 106 108 109 110 112 113 114 116 117 118 120 121 122 130 131 132
84: 119 115 111 107 103 99 95 91 87 79 80 81 76 77 78 67 68 69 70 71 72 73 74 75 82 83 84 85 86 88 89 90 92 93 94 96 97 98 100 101 102 104 105 106 108 109 110 112 113 114 116 117 118 120 121 122 123 124 125 126 127 128
83: 119 115 111 107 103 99 95 91 87 79 80 81 76 77 78 67 68 69 70 71 72 73 74 75 82 83 84 85 86 88 89 90 92 93 94 96 97 98 100 101 102 104 105 106 108 109 110 112 113 114 116 117 118 120 121 122
82: 115 111 107 103 99 95 91 87 79 80 81 76 77 78 67 68 69 70 71 72 73 74 75 82 83 84 85 86 88 89 90 92 93 94 96 97 98 100 101 102 104 105 106 108 109 110 112 113 114 116 117 118
81: 111 107 103 99 95 91 87 79 80 81 76 77 78 67 68 69 70 71 72 73 74 75 82 83 84 85 86 88 89 90 92 93 94 96 97 98 100 101 102 104 105 106 108 109 110 112 113 114
68: 67
69: 67 68 69 70 71 72
70: 73 74 75
71: 76 77 78
72: 79 80 81
73: 79 80 81 76 77 78 67 68 69 70 71 72 73 74 75 82 83 84
74: 85
75: 87 79 80 81 76 77 78 67 68 69 70 71 72 73 74 75 82 83 84 85 86 88 89 90
76: 91 87 79 80 81 76 77 78 67 68 69 70 71 72 73 74 75 82 83 84 85 86 88 89 90 92 93 94
77: 95 91 87 79 80 81 76 77 78 67 68 69 70 71 72 73 74 75 82 83 84 85 86 88 89 90 92 93 94 96 97 98
78: 99 95 91 87 79 80 81 76 77 78 67 68 69 70 71 72 73 74 75 82 83 84 85 86 88 89 90 92 93 94 96 97 98 100 101 102
79: 103 99 95 91 87 79 80 81 76 77 78 67 68 69 70 71 72 73 74 75 82 83 84 85 86 88 89 90 92 93 94 96 97 98 100 101 102 104 105 106
80: 107 103 99 95 91 87 79 80 81 76 77 78 67 68 69 70 71 72 73 74 75 82 83 84 85 86 88 89 90 92 93 94 96 97 98 100 101 102 104 105 106 108 109 110
97: 177 173 169 165 161 157 153 149 145 141 137 133 129 119 115 111 107 103 99 95 91 87 79 80 81 76 77 78 67 68 69 70 71 72 73 74 75 82 83 84 85 86 88 89 90 92 93 94 96 97 98 100 101 102 104 105 106 108 109 110 112 113 114 116 117 118 120 121 122 130 131 132 134 135 136 138 139 140 142 143 144 146 147 148 150 151 152 154 155 156 158 159 160 162 163 164 166 167 168 170 171 172 174 175 176 178 179 180
98: 181 177 173 169 165 161 157 153 149 145 141 137 133 129 119 115 111 107 103 99 95 91 87 79 80 81 76 77 78 67 68 69 70 71 72 73 74 75 82 83 84 85 86 88 89 90 92 93 94 96 97 98 100 101 102 104 105 106 108 109 110 112 113 114 116 117 118 120 121 122 130 131 132 134 135 136 138 139 140 142 143 144 146 147 148 150 151 152 154 155 156 158 159 160 162 163 164 166 167 168 170 171 172 174 175 176 178 179 180 182 183 184
99: 181 177 173 169 165 161 157 153 149 145 141 137 133 129 119 115 111 107 103 99 95 91 87 79 80 81 76 77 78 67 68 69 70 71 72 73 74 75 82 83 84 85 86 88 89 90 92 93 94 96 97 98 100 101 102 104 105 106 108 109 110 112 113 114 116 117 118 120 121 122 130 131 132 134 135 136 138 139 140 142 143 144 146 147 148 150 151 152 154 155 156 158 159 160 162 163 164 166 167 168 170 171 172 174 175 176 178 179 180 182 183 184 185 186 187 188 189 190
100: 133 129 119 115 111 107 103 99 95 91 87 79 80 81 76 77 78 67 68 69 70 71 72 73 74 75 82 83 84 85 86 88 89 90 92 93 94 96 97 98 100 101 102 104 105 106 108 109 110 112 113 114 116 117 118 120 121 122 130 131 132 134 135 136 191 192 193 194 195 196
101: 149 145 141 137 133 129 119 115 111 107 103 99 95 91 87 79 80 81 76 77 78 67 68 69 70 71 72 73 74 75 82 83 84 85 86 88 89 90 92 93 94 96 97 98 100 101 102 104 105 106 108 109 110 112 113 114 116 117 118 120 121 122 130 131 132 134 135 136 138 139 140 142 143 144 146 147 148 150 151 152 197 198 199 200 201 202
102: 203 204 205 206
103: 67 73 203 204 205 206 207 208
104: 76 74 67 73 203 204 205 206 207 208 209 210
105: 77 79 76 74 67 73 203 204 205 206 207 208 209 210 211 212
106: 77 79 76 74 67 73 203 204 205 206 207 208 209 210 211 212 213 214 215 216 217 218
107: 219 181 177 173 169 165 161 157 153 149 145 141 137 133 129 119 115 111 107 103 99 95 91 87 79 80 81 76 77 78 67 68 69 70 71 72 73 74 75 82 83 84 85 86 88 89 90 92 93 94 96 97 98 100 101 102 104 105 106 108 109 110 112 113 114 116 117 118 120 121 122 130 131 132 134 135 136 138 139 140 142 143 144 146 147 148 150 151 152 154 155 156 158 159 160 162 163 164 166 167 168 170 171 172 174 175 176 178 179 180 182 183 184 220 221 222
108: 223 219 181 177 173 169 165 161 157 153 149 145 141 137 133 129 119 115 111 107 103 99 95 91 87 79 80 81 76 77 78 67 68 69 70 71 72 73 74 75 82 83 84 85 86 88 89 90 92 93 94 96 97 98 100 101 102 104 105 106 108 109 110 112 113 114 116 117 118 120 121 122 130 131 132 134 135 136 138 139 140 142 143 144 146 147 148 150 151 152 154 155 156 158 159 160 162 163 164 166 167 168 170 171 172 174 175 176 178 179 180 182 183 184 220 221 222 224 225 226
109: 223 219 181 177 173 169 165 161 157 153 149 145 141 137 133 129 119 115 111 107 103 99 95 91 87 79 80 81 76 77 78 67 68 69 70 71 72 73 74 75 82 83 84 85 86 88 89 90 92 93 94 96 97 98 100 101 102 104 105 106 108 109 110 112 113 114 116 117 118 120 121 122 130 131 132 134 135 136 138 139 140 142 143 144 146 147 148 150 151 152 154 155 156 158 159 160 162 163 164 166 167 168 170 171 172 174 175 176 178 179 180 182 183 184 220 221 222 224 225 226 227 228 229 230 231 232
110: 87 79 80 81 76 77 78 67 68 69 70 71 72 73 74 75 82 83 84 85 86 88 89 90 233 234 235 236 237 238
111: 203 204 205 206 239 240 241 242 243 244
112: 141 137 133 129 119 115 111 107 103 99 95 91 87 79 80 81 76 77 78 67 68 69 70 71 72 73 74 75 82 83 84 85 86 88 89 90 92 93 94 96 97 98 100 101 102 104 105 106 108 109 110 112 113 114 116 117 118 120 121 122 130 131 132 134 135 136 138 139 140 142 143 144 245 246 247 248 249 250
113: 95 91 87 79 80 81 76 77 78 67 68 69 70 71 72 73 74 75 82 83 84 85 86 88 89 90 92 93 94 96 97 98 251 252 253 254 255 256
114: 257 258 259 260 261 262
115: 137 133 129 119 115 111 107 103 99 95 91 87 79 80 81 76 77 78 67 68 69 70 71 72 73 74 75 82 83 84 85 86 88 89 90 92 93 94 96 97 98 100 101 102 104 105 106 108 109 110 112 113 114 116 117 118 120 121 122 130 131 132 134 135 136 138 139 140 263 264 265 266 267 268
116: 67 73 203 204 205 206 207 208 269 270 271 272 273 274
117: 153 149 145 141 137 133 129 119 115 111 107 103 99 95 91 87 79 80 81 76 77 78 67 68 69 70 71 72 73 74 75 82 83 84 85 86 88 89 90 92 93 94 96 97 98 100 101 102 104 105 106 108 109 110 112 113 114 116 117 118 120 121 122 130 131 132 134 135 136 138 139 140 142 143 144 146 147 148 150 151 152 154 155 156 275 276 277 278 279 280
118: 76 74 67 73 203 204 205 206 207 208 209 210 281 282 283 284 285 286
119: 99 95 91 87 79 80 81 76 77 78 67 68 69 70 71 72 73 74 75 82 83 84 85 86 88 89 90 92 93 94 96 97 98 100 101 102 287 288 289 290 291 292
120: 177 173 169 165 161 157 153 149 145 141 137 133 129 119 115 111 107 103 99 95 91 87 79 80 81 76 77 78 67 68 69 70 71 72 73 74 75 82 83 84 85 86 88 89 90 92 93 94 96 97 98 100 101 102 104 105 106 108 109 110 112 113 114 116 117 118 120 121 122 130 131 132 134 135 136 138 139 140 142 143 144 146 147 148 150 151 152 154 155 156 158 159 160 162 163 164 166 167 168 170 171 172 174 175 176 178 179 180 293 294 295 296 297 298
121: 161 157 153 149 145 141 137 133 129 119 115 111 107 103 99 95 91 87 79 80 81 76 77 78 67 68 69 70 71 72 73 74 75 82 83 84 85 86 88 89 90 92 93 94 96 97 98 100 101 102 104 105 106 108 109 110 112 113 114 116 117 118 120 121 122 130 131 132 134 135 136 138 139 140 142 143 144 146 147 148 150 151 152 154 155 156 158 159 160 162 163 164 299 300 301 302 303 304
122: 305 306 307
123: 115 111 107 103 99 95 91 87 79 80 81 76 77 78 67 68 69 70 71 72 73 74 75 82 83 84 85 86 88 89 90 92 93 94 96 97 98 100 101 102 104 105 106 108 109 110 112 113 114 116 117 118 308 309 310 311 312 313
124: 107 103 99 95 91 87 79 80 81 76 77 78 67 68 69 70 71 72 73 74 75 82 83 84 85 86 88 89 90 92 93 94 96 97 98 100 101 102 104 105 106 108 109 110 314 315 316 317 318 319
125: 145 141 137 133 129 119 115 111 107 103 99 95 91 87 79 80 81 76 77 78 67 68 69 70 71 72 73 74 75 82 83 84 85 86 88 89 90 92 93 94 96 97 98 100 101 102 104 105 106 108 109 110 112 113 114 116 117 118 120 121 122 130 131 132 134 135 136 138 139 140 142 143 144 146 147 148 320 321 322 323 324 325
126: 219 181 177 173 169 165 161 157 153 149 145 141 137 133 129 119 115 111 107 103 99 95 91 87 79 80 81 76 77 78 67 68 69 70 71 72 73 74 75 82 83 84 85 86 88 89 90 92 93 94 96 97 98 100 101 102 104 105 106 108 109 110 112 113 114 116 117 118 120 121 122 130 131 132 134 135 136 138 139 140 142 143 144 146 147 148 150 151 152 154 155 156 158 159 160 162 163 164 166 167 168 170 171 172 174 175 176 178 179 180 182 183 184 220 221 222 326 327 328 329 330 331
----------------------------------------

【xag】
136: 285 273 264 255 246 237 228 219 210 201 193 182 173 164 155 146 137 128 120 105 94 95 96 85 88 91 69 66 72 73 75 78 80 81 82 99 101 103 108 111 114 116 117 123 124 125 131 132 134 140 141 143 149 150 152 158 159 161 167 168 170 176 177 179 185 186 188 191 196 198 204 205 207 213 214 216 222 223 225 231 232 234 240 241 243 249 250 252 258 259 261 267 268 270 276 277 279 399
135: 158 146 137 128 120 105 94 95 96 85 88 91 69 66 72 73 75 78 80 81 82 99 101 103 108 111 114 116 117 123 124 125 131 132 134 140 141 143 149 150 152 398
134: 267 255 246 237 228 219 210 201 193 182 173 164 155 146 137 128 120 105 94 95 96 85 88 91 69 66 72 73 75 78 80 81 82 99 101 103 108 111 114 116 117 123 124 125 131 132 134 140 141 143 149 150 152 158 159 161 167 168 170 176 177 179 185 186 188 191 196 198 204 205 207 213 214 216 222 223 225 231 232 234 240 241 243 249 250 252 258 259 261 397
133: 204 193 182 173 164 155 146 137 128 120 105 94 95 96 85 88 91 69 66 72 73 75 78 80 81 82 99 101 103 108 111 114 116 117 123 124 125 131 132 134 140 141 143 149 150 152 158 159 161 167 168 170 176 177 179 185 186 188 191 196 198 396
132: 303 291 282 273 264 255 246 237 228 219 210 201 193 182 173 164 155 146 137 128 120 105 94 95 96 85 88 91 69 66 72 73 75 78 80 81 82 99 101 103 108 111 114 116 117 123 124 125 131 132 134 140 141 143 149 150 152 158 159 161 167 168 170 176 177 179 185 186 188 191 196 198 204 205 207 213 214 216 222 223 225 231 232 234 240 241 243 249 250 252 258 259 261 267 268 270 276 277 279 285 286 288 294 295 297 395
131: 131 120 105 94 95 96 85 88 91 69 66 72 73 75 78 80 81 82 99 101 103 108 111 114 116 117 123 124 125 394
130: 176 164 155 146 137 128 120 105 94 95 96 85 88 91 69 66 72 73 75 78 80 81 82 99 101 103 108 111 114 116 117 123 124 125 131 132 134 140 141 143 149 150 152 158 159 161 167 168 170 393
129: 294 282 273 264 255 246 237 228 219 210 201 193 182 173 164 155 146 137 128 120 105 94 95 96 85 88 91 69 66 72 73 75 78 80 81 82 99 101 103 108 111 114 116 117 123 124 125 131 132 134 140 141 143 149 150 152 158 159 161 167 168 170 176 177 179 185 186 188 191 196 198 204 205 207 213 214 216 222 223 225 231 232 234 240 241 243 249 250 252 258 259 261 267 268 270 276 277 279 285 286 288 392
128: 390 94 95 80 81 69 322 324 325 326 329 330 332 335 336 338 341 342 344 347 385 387 391
127: 94 95 80 81 69 322 324 325 326 329 330 332 335 336 338 341 342 344 347 385 387
96: 291 282 273 264 255 246 237 228 219 210 201 193 182 173 164 155 146 137 128 120 105 94 95 96 85 88 91 69 66 72 73 75 78 80 81 82 99 101 103 108 111 114 116 117 123 124 125 131 132 134 140 141 143 149 150 152 158 159 161 167 168 170 176 177 179 185 186 188 191 196 198 204 205 207 213 214 216 222 223 225 231 232 234 240 241 243 249 250 252 258 259 261 267 268 270 276 277 279 285 286 288 294 295 297
95: 282 273 264 255 246 237 228 219 210 201 193 182 173 164 155 146 137 128 120 105 94 95 96 85 88 91 69 66 72 73 75 78 80 81 82 99 101 103 108 111 114 116 117 123 124 125 131 132 134 140 141 143 149 150 152 158 159 161 167 168 170 176 177 179 185 186 188 191 196 198 204 205 207 213 214 216 222 223 225 231 232 234 240 241 243 249 250 252 258 259 261 267 268 270 276 277 279 285 286 288
94: 273 264 255 246 237 228 219 210 201 193 182 173 164 155 146 137 128 120 105 94 95 96 85 88 91 69 66 72 73 75 78 80 81 82 99 101 103 108 111 114 116 117 123 124 125 131 132 134 140 141 143 149 150 152 158 159 161 167 168 170 176 177 179 185 186 188 191 196 198 204 205 207 213 214 216 222 223 225 231 232 234 240 241 243 249 250 252 258 259 261 267 268 270 276 277 279
93: 264 255 246 237 228 219 210 201 193 182 173 164 155 146 137 128 120 105 94 95 96 85 88 91 69 66 72 73 75 78 80 81 82 99 101 103 108 111 114 116 117 123 124 125 131 132 134 140 141 143 149 150 152 158 159 161 167 168 170 176 177 179 185 186 188 191 196 198 204 205 207 213 214 216 222 223 225 231 232 234 240 241 243 249 250 252 258 259 261 267 268 270
92: 255 246 237 228 219 210 201 193 182 173 164 155 146 137 128 120 105 94 95 96 85 88 91 69 66 72 73 75 78 80 81 82 99 101 103 108 111 114 116 117 123 124 125 131 132 134 140 141 143 149 150 152 158 159 161 167 168 170 176 177 179 185 186 188 191 196 198 204 205 207 213 214 216 222 223 225 231 232 234 240 241 243 249 250 252 258 259 261
91: 246 237 228 219 210 201 193 182 173 164 155 146 137 128 120 105 94 95 96 85 88 91 69 66 72 73 75 78 80 81 82 99 101 103 108 111 114 116 117 123 124 125 131 132 134 140 141 143 149 150 152 158 159 161 167 168 170 176 177 179 185 186 188 191 196 198 204 205 207 213 214 216 222 223 225 231 232 234 240 241 243 249 250 252
90: 237 228 219 210 201 193 182 173 164 155 146 137 128 120 105 94 95 96 85 88 91 69 66 72 73 75 78 80 81 82 99 101 103 108 111 114 116 117 123 124 125 131 132 134 140 141 143 149 150 152 158 159 161 167 168 170 176 177 179 185 186 188 191 196 198 204 205 207 213 214 216 222 223 225 231 232 234 240 241 243
89: 228 219 210 201 193 182 173 164 155 146 137 128 120 105 94 95 96 85 88 91 69 66 72 73 75 78 80 81 82 99 101 103 108 111 114 116 117 123 124 125 131 132 134 140 141 143 149 150 152 158 159 161 167 168 170 176 177 179 185 186 188 191 196 198 204 205 207 213 214 216 222 223 225 231 232 234
88: 219 210 201 193 182 173 164 155 146 137 128 120 105 94 95 96 85 88 91 69 66 72 73 75 78 80 81 82 99 101 103 108 111 114 116 117 123 124 125 131 132 134 140 141 143 149 150 152 158 159 161 167 168 170 176 177 179 185 186 188 191 196 198 204 205 207 213 214 216 222 223 225
87: 210 201 193 182 173 164 155 146 137 128 120 105 94 95 96 85 88 91 69 66 72 73 75 78 80 81 82 99 101 103 108 111 114 116 117 123 124 125 131 132 134 140 141 143 149 150 152 158 159 161 167 168 170 176 177 179 185 186 188 191 196 198 204 205 207 213 214 216
86: 201 193 182 173 164 155 146 137 128 120 105 94 95 96 85 88 91 69 66 72 73 75 78 80 81 82 99 101 103 108 111 114 116 117 123 124 125 131 132 134 140 141 143 149 150 152 158 159 161 167 168 170 176 177 179 185 186 188 191 196 198 204 205 207
85: 193 182 173 164 155 146 137 128 120 105 94 95 96 85 88 91 69 66 72 73 75 78 80 81 82 99 101 103 108 111 114 116 117 123 124 125 131 132 134 140 141 143 149 150 152 158 159 161 167 168 170 176 177 179 185 186 188 191 196 198
84: 191 182 173 164 155 146 137 128 120 105 94 95 96 85 88 91 69 66 72 73 75 78 80 81 82 99 101 103 108 111 114 116 117 123 124 125 131 132 134 140 141 143 149 150 152 158 159 161 167 168 170 176 177 179 185 186 188 192
83: 182 173 164 155 146 137 128 120 105 94 95 96 85 88 91 69 66 72 73 75 78 80 81 82 99 101 103 108 111 114 116 117 123 124 125 131 132 134 140 141 143 149 150 152 158 159 161 167 168 170 176 177 179 185 186 188
82: 173 164 155 146 137 128 120 105 94 95 96 85 88 91 69 66 72 73 75 78 80 81 82 99 101 103 108 111 114 116 117 123 124 125 131 132 134 140 141 143 149 150 152 158 159 161 167 168 170 176 177 179
81: 164 155 146 137 128 120 105 94 95 96 85 88 91 69 66 72 73 75 78 80 81 82 99 101 103 108 111 114 116 117 123 124 125 131 132 134 140 141 143 149 150 152 158 159 161 167 168 170
68: 66
69: 69 66 72 73 75 78
70: 80 81 82
71: 85 88 91
72: 94 95 96
73: 94 95 96 85 88 91 69 66 72 73 75 78 80 81 82 99 101 103
74: 105
75: 105 94 95 96 85 88 91 69 66 72 73 75 78 80 81 82 99 101 103 108 111 114 116 117
76: 120 105 94 95 96 85 88 91 69 66 72 73 75 78 80 81 82 99 101 103 108 111 114 116 117 123 124 125
77: 128 120 105 94 95 96 85 88 91 69 66 72 73 75 78 80 81 82 99 101 103 108 111 114 116 117 123 124 125 131 132 134
78: 137 128 120 105 94 95 96 85 88 91 69 66 72 73 75 78 80 81 82 99 101 103 108 111 114 116 117 123 124 125 131 132 134 140 141 143
79: 146 137 128 120 105 94 95 96 85 88 91 69 66 72 73 75 78 80 81 82 99 101 103 108 111 114 116 117 123 124 125 131 132 134 140 141 143 149 150 152
80: 155 146 137 128 120 105 94 95 96 85 88 91 69 66 72 73 75 78 80 81 82 99 101 103 108 111 114 116 117 123 124 125 131 132 134 140 141 143 149 150 152 158 159 161
97: 300 291 282 273 264 255 246 237 228 219 210 201 193 182 173 164 155 146 137 128 120 105 94 95 96 85 88 91 69 66 72 73 75 78 80 81 82 99 101 103 108 111 114 116 117 123 124 125 131 132 134 140 141 143 149 150 152 158 159 161 167 168 170 176 177 179 185 186 188 191 196 198 204 205 207 213 214 216 222 223 225 231 232 234 240 241 243 249 250 252 258 259 261 267 268 270 276 277 279 285 286 288 294 295 297 303 304 306
98: 309 300 291 282 273 264 255 246 237 228 219 210 201 193 182 173 164 155 146 137 128 120 105 94 95 96 85 88 91 69 66 72 73 75 78 80 81 82 99 101 103 108 111 114 116 117 123 124 125 131 132 134 140 141 143 149 150 152 158 159 161 167 168 170 176 177 179 185 186 188 191 196 198 204 205 207 213 214 216 222 223 225 231 232 234 240 241 243 249 250 252 258 259 261 267 268 270 276 277 279 285 286 288 294 295 297 303 304 306 312 313 315
99: 318 309 300 291 282 273 264 255 246 237 228 219 210 201 193 182 173 164 155 146 137 128 120 105 94 95 96 85 88 91 69 66 72 73 75 78 80 81 82 99 101 103 108 111 114 116 117 123 124 125 131 132 134 140 141 143 149 150 152 158 159 161 167 168 170 176 177 179 185 186 188 191 196 198 204 205 207 213 214 216 222 223 225 231 232 234 240 241 243 249 250 252 258 259 261 267 268 270 276 277 279 285 286 288 294 295 297 303 304 306 312 313 315 319
100: 213 201 193 182 173 164 155 146 137 128 120 105 94 95 96 85 88 91 69 66 72 73 75 78 80 81 82 99 101 103 108 111 114 116 117 123 124 125 131 132 134 140 141 143 149 150 152 158 159 161 167 168 170 176 177 179 185 186 188 191 196 198 204 205 207 320
101: 249 237 228 219 210 201 193 182 173 164 155 146 137 128 120 105 94 95 96 85 88 91 69 66 72 73 75 78 80 81 82 99 101 103 108 111 114 116 117 123 124 125 131 132 134 140 141 143 149 150 152 158 159 161 167 168 170 176 177 179 185 186 188 191 196 198 204 205 207 213 214 216 222 223 225 231 232 234 240 241 243 321
102: 69 322 324 325 326
103: 81 69 322 324 325 326 329 330 332
104: 80 81 69 322 324 325 326 329 330 332 335 336 338
105: 95 80 81 69 322 324 325 326 329 330 332 335 336 338 341 342 344
106: 347 95 80 81 69 322 324 325 326 329 330 332 335 336 338 341 342 344 348
107: 349 309 300 291 282 273 264 255 246 237 228 219 210 201 193 182 173 164 155 146 137 128 120 105 94 95 96 85 88 91 69 66 72 73 75 78 80 81 82 99 101 103 108 111 114 116 117 123 124 125 131 132 134 140 141 143 149 150 152 158 159 161 167 168 170 176 177 179 185 186 188 191 196 198 204 205 207 213 214 216 222 223 225 231 232 234 240 241 243 249 250 252 258 259 261 267 268 270 276 277 279 285 286 288 294 295 297 303 304 306 312 313 315 318 352 354
108: 357 349 309 300 291 282 273 264 255 246 237 228 219 210 201 193 182 173 164 155 146 137 128 120 105 94 95 96 85 88 91 69 66 72 73 75 78 80 81 82 99 101 103 108 111 114 116 117 123 124 125 131 132 134 140 141 143 149 150 152 158 159 161 167 168 170 176 177 179 185 186 188 191 196 198 204 205 207 213 214 216 222 223 225 231 232 234 240 241 243 249 250 252 258 259 261 267 268 270 276 277 279 285 286 288 294 295 297 303 304 306 312 313 315 318 352 354 360 361 363
109: 366 357 349 309 300 291 282 273 264 255 246 237 228 219 210 201 193 182 173 164 155 146 137 128 120 105 94 95 96 85 88 91 69 66 72 73 75 78 80 81 82 99 101 103 108 111 114 116 117 123 124 125 131 132 134 140 141 143 149 150 152 158 159 161 167 168 170 176 177 179 185 186 188 191 196 198 204 205 207 213 214 216 222 223 225 231 232 234 240 241 243 249 250 252 258 259 261 267 268 270 276 277 279 285 286 288 294 295 297 303 304 306 312 313 315 318 352 354 360 361 363 367
110: 123 105 94 95 96 85 88 91 69 66 72 73 75 78 80 81 82 99 101 103 108 111 114 116 117 368
111: 329 69 322 324 325 326 369
112: 231 219 210 201 193 182 173 164 155 146 137 128 120 105 94 95 96 85 88 91 69 66 72 73 75 78 80 81 82 99 101 103 108 111 114 116 117 123 124 125 131 132 134 140 141 143 149 150 152 158 159 161 167 168 170 176 177 179 185 186 188 191 196 198 204 205 207 213 214 216 222 223 225 370
113: 140 128 120 105 94 95 96 85 88 91 69 66 72 73 75 78 80 81 82 99 101 103 108 111 114 116 117 123 124 125 131 132 134 371
114: 72 372
115: 222 210 201 193 182 173 164 155 146 137 128 120 105 94 95 96 85 88 91 69 66 72 73 75 78 80 81 82 99 101 103 108 111 114 116 117 123 124 125 131 132 134 140 141 143 149 150 152 158 159 161 167 168 170 176 177 179 185 186 188 191 196 198 204 205 207 213 214 216 373
116: 335 81 69 322 324 325 326 329 330 332 374
117: 258 246 237 228 219 210 201 193 182 173 164 155 146 137 128 120 105 94 95 96 85 88 91 69 66 72 73 75 78 80 81 82 99 101 103 108 111 114 116 117 123 124 125 131 132 134 140 141 143 149 150 152 158 159 161 167 168 170 176 177 179 185 186 188 191 196 198 204 205 207 213 214 216 222 223 225 231 232 234 240 241 243 249 250 252 375
118: 341 80 81 69 322 324 325 326 329 330 332 335 336 338 376
119: 149 137 128 120 105 94 95 96 85 88 91 69 66 72 73 75 78 80 81 82 99 101 103 108 111 114 116 117 123 124 125 131 132 134 140 141 143 377
120: 312 300 291 282 273 264 255 246 237 228 219 210 201 193 182 173 164 155 146 137 128 120 105 94 95 96 85 88 91 69 66 72 73 75 78 80 81 82 99 101 103 108 111 114 116 117 123 124 125 131 132 134 140 141 143 149 150 152 158 159 161 167 168 170 176 177 179 185 186 188 191 196 198 204 205 207 213 214 216 222 223 225 231 232 234 240 241 243 249 250 252 258 259 261 267 268 270 276 277 279 285 286 288 294 295 297 303 304 306 378
121: 276 264 255 246 237 228 219 210 201 193 182 173 164 155 146 137 128 120 105 94 95 96 85 88 91 69 66 72 73 75 78 80 81 82 99 101 103 108 111 114 116 117 123 124 125 131 132 134 140 141 143 149 150 152 158 159 161 167 168 170 176 177 179 185 186 188 191 196 198 204 205 207 213 214 216 222 223 225 231 232 234 240 241 243 249 250 252 258 259 261 267 268 270 379
122: 380
123: 185 173 164 155 146 137 128 120 105 94 95 96 85 88 91 69 66 72 73 75 78 80 81 82 99 101 103 108 111 114 116 117 123 124 125 131 132 134 140 141 143 149 150 152 158 159 161 167 168 170 176 177 179 381
124: 167 155 146 137 128 120 105 94 95 96 85 88 91 69 66 72 73 75 78 80 81 82 99 101 103 108 111 114 116 117 123 124 125 131 132 134 140 141 143 149 150 152 158 159 161 382
125: 240 228 219 210 201 193 182 173 164 155 146 137 128 120 105 94 95 96 85 88 91 69 66 72 73 75 78 80 81 82 99 101 103 108 111 114 116 117 123 124 125 131 132 134 140 141 143 149 150 152 158 159 161 167 168 170 176 177 179 185 186 188 191 196 198 204 205 207 213 214 216 222 223 225 231 232 234 383
126: 360 349 309 300 291 282 273 264 255 246 237 228 219 210 201 193 182 173 164 155 146 137 128 120 105 94 95 96 85 88 91 69 66 72 73 75 78 80 81 82 99 101 103 108 111 114 116 117 123 124 125 131 132 134 140 141 143 149 150 152 158 159 161 167 168 170 176 177 179 185 186 188 191 196 198 204 205 207 213 214 216 222 223 225 231 232 234 240 241 243 249 250 252 258 259 261 267 268 270 276 277 279 285 286 288 294 295 297 303 304 306 312 313 315 318 352 354 384
----------------------------------------

【mig】
136: 74 76 77 78 79 81 66 68 69 70 71 73 82 84 86 88 90 91 92 93 94 95 96 97 98 99 106 107 108 109 110 111 112 113 114 115 305 307 309
135: 74 76 77 78 79 81 66 68 69 70 71 73 82 84 86 88 90 91 92 93 94 95 299 301 303
134: 74 76 77 78 79 81 66 68 69 70 71 73 82 84 86 88 90 91 92 93 94 95 96 97 98 99 106 107 108 109 110 111 112 113 293 295 297
133: 74 76 77 78 79 81 66 68 69 70 71 73 82 84 86 88 90 91 92 93 94 95 96 97 98 99 106 287 289 291
132: 74 76 77 78 79 81 66 68 69 70 71 73 82 84 86 88 90 91 92 93 94 95 96 97 98 99 106 107 108 109 110 111 112 113 114 115 116 117 281 283 285
131: 74 76 77 78 79 81 66 68 69 70 71 73 82 84 86 88 90 91 92 275 277 279
130: 74 76 77 78 79 81 66 68 69 70 71 73 82 84 86 88 90 91 92 93 94 95 96 97 269 271 273
129: 74 76 77 78 79 81 66 68 69 70 71 73 82 84 86 88 90 91 92 93 94 95 96 97 98 99 106 107 108 109 110 111 112 113 114 115 116 263 265 267
128: 68 138 139 140 256 257 259 261
127: 68 138 139 140 256
96: 74 76 77 78 79 81 66 68 69 70 71 73 82 84 86 88 90 91 92 93 94 95 96 97 98 99 106 107 108 109 110 111 112 113 114 115 116 117
95: 74 76 77 78 79 81 66 68 69 70 71 73 82 84 86 88 90 91 92 93 94 95 96 97 98 99 106 107 108 109 110 111 112 113 114 115 116
94: 74 76 77 78 79 81 66 68 69 70 71 73 82 84 86 88 90 91 92 93 94 95 96 97 98 99 106 107 108 109 110 111 112 113 114 115
93: 74 76 77 78 79 81 66 68 69 70 71 73 82 84 86 88 90 91 92 93 94 95 96 97 98 99 106 107 108 109 110 111 112 113 114
92: 74 76 77 78 79 81 66 68 69 70 71 73 82 84 86 88 90 91 92 93 94 95 96 97 98 99 106 107 108 109 110 111 112 113
91: 74 76 77 78 79 81 66 68 69 70 71 73 82 84 86 88 90 91 92 93 94 95 96 97 98 99 106 107 108 109 110 111 112
90: 74 76 77 78 79 81 66 68 69 70 71 73 82 84 86 88 90 91 92 93 94 95 96 97 98 99 106 107 108 109 110 111
89: 74 76 77 78 79 81 66 68 69 70 71 73 82 84 86 88 90 91 92 93 94 95 96 97 98 99 106 107 108 109 110
88: 74 76 77 78 79 81 66 68 69 70 71 73 82 84 86 88 90 91 92 93 94 95 96 97 98 99 106 107 108 109
87: 74 76 77 78 79 81 66 68 69 70 71 73 82 84 86 88 90 91 92 93 94 95 96 97 98 99 106 107 108
86: 74 76 77 78 79 81 66 68 69 70 71 73 82 84 86 88 90 91 92 93 94 95 96 97 98 99 106 107
85: 74 76 77 78 79 81 66 68 69 70 71 73 82 84 86 88 90 91 92 93 94 95 96 97 98 99 106
84: 74 76 77 78 79 81 66 68 69 70 71 73 82 84 86 88 90 91 92 93 94 95 96 97 98 99 100 102 104
83: 74 76 77 78 79 81 66 68 69 70 71 73 82 84 86 88 90 91 92 93 94 95 96 97 98 99
82: 74 76 77 78 79 81 66 68 69 70 71 73 82 84 86 88 90 91 92 93 94 95 96 97 98
81: 74 76 77 78 79 81 66 68 69 70 71 73 82 84 86 88 90 91 92 93 94 95 96 97
68: 66
69: 66 68 69
70: 70 71 73
71: 74 76 77
72: 78 79 81
73: 74 76 77 78 79 81 66 68 69 70 71 73 82 84 86
74: 88
75: 74 76 77 78 79 81 66 68 69 70 71 73 82 84 86 88 90 91
76: 74 76 77 78 79 81 66 68 69 70 71 73 82 84 86 88 90 91 92
77: 74 76 77 78 79 81 66 68 69 70 71 73 82 84 86 88 90 91 92 93
78: 74 76 77 78 79 81 66 68 69 70 71 73 82 84 86 88 90 91 92 93 94
79: 74 76 77 78 79 81 66 68 69 70 71 73 82 84 86 88 90 91 92 93 94 95
80: 74 76 77 78 79 81 66 68 69 70 71 73 82 84 86 88 90 91 92 93 94 95 96
97: 74 76 77 78 79 81 66 68 69 70 71 73 82 84 86 88 90 91 92 93 94 95 96 97 98 99 106 107 108 109 110 111 112 113 114 115 116 117 118
98: 74 76 77 78 79 81 66 68 69 70 71 73 82 84 86 88 90 91 92 93 94 95 96 97 98 99 106 107 108 109 110 111 112 113 114 115 116 117 118 119
99: 74 76 77 78 79 81 66 68 69 70 71 73 82 84 86 88 90 91 92 93 94 95 96 97 98 99 106 107 108 109 110 111 112 113 114 115 116 117 118 119 120 122 124
100: 74 76 77 78 79 81 66 68 69 70 71 73 82 84 86 88 90 91 92 93 94 95 96 97 98 99 106 107 126 128 130
101: 74 76 77 78 79 81 66 68 69 70 71 73 82 84 86 88 90 91 92 93 94 95 96 97 98 99 106 107 108 109 110 111 132 134 136
102: 68
103: 68 138
104: 68 138 139
105: 68 138 139 140
106: 68 138 139 140 141 143 145
107: 74 76 77 78 79 81 66 68 69 70 71 73 82 84 86 88 90 91 92 93 94 95 96 97 98 99 106 107 108 109 110 111 112 113 114 115 116 117 118 119 147
108: 74 76 77 78 79 81 66 68 69 70 71 73 82 84 86 88 90 91 92 93 94 95 96 97 98 99 106 107 108 109 110 111 112 113 114 115 116 117 118 119 147 148
109: 74 76 77 78 79 81 66 68 69 70 71 73 82 84 86 88 90 91 92 93 94 95 96 97 98 99 106 107 108 109 110 111 112 113 114 115 116 117 118 119 147 148 149 151 153
110: 74 76 77 78 79 81 66 68 69 70 71 73 82 84 86 88 90 91 155 157 159
111: 68 161 163 165
112: 74 76 77 78 79 81 66 68 69 70 71 73 82 84 86 88 90 91 92 93 94 95 96 97 98 99 106 107 108 109 167 169 171
113: 74 76 77 78 79 81 66 68 69 70 71 73 82 84 86 88 90 91 92 93 173 175 177
114: 179 181 183
115: 74 76 77 78 79 81 66 68 69 70 71 73 82 84 86 88 90 91 92 93 94 95 96 97 98 99 106 107 108 185 187 189
116: 68 138 191 193 195
117: 74 76 77 78 79 81 66 68 69 70 71 73 82 84 86 88 90 91 92 93 94 95 96 97 98 99 106 107 108 109 110 111 112 197 199 201
118: 68 138 139 203 205 207
119: 74 76 77 78 79 81 66 68 69 70 71 73 82 84 86 88 90 91 92 93 94 209 211 213
120: 74 76 77 78 79 81 66 68 69 70 71 73 82 84 86 88 90 91 92 93 94 95 96 97 98 99 106 107 108 109 110 111 112 113 114 115 116 117 118 215 217 219
121: 74 76 77 78 79 81 66 68 69 70 71 73 82 84 86 88 90 91 92 93 94 95 96 97 98 99 106 107 108 109 110 111 112 113 114 221 223 225
122: 227 229 230
123: 74 76 77 78 79 81 66 68 69 70 71 73 82 84 86 88 90 91 92 93 94 95 96 97 98 232 234 236
124: 74 76 77 78 79 81 66 68 69 70 71 73 82 84 86 88 90 91 92 93 94 95 96 238 240 242
125: 74 76 77 78 79 81 66 68 69 70 71 73 82 84 86 88 90 91 92 93 94 95 96 97 98 99 106 107 108 109 110 244 246 248
126: 74 76 77 78 79 81 66 68 69 70 71 73 82 84 86 88 90 91 92 93 94 95 96 97 98 99 106 107 108 109 110 111 112 113 114 115 116 117 118 119 147 250 252 254
----------------------------------------

【xmg】
136: 182 79 80 81 66 68 69 70 71 72 83 74 76 78 85 87 89 91 92 93 94 95 96 97 98 99 100 103 104 105 106 107 108 109 110 111 112 183
135: 180 79 80 81 66 68 69 70 71 72 83 74 76 78 85 87 89 91 92 93 94 95 96 181
134: 178 79 80 81 66 68 69 70 71 72 83 74 76 78 85 87 89 91 92 93 94 95 96 97 98 99 100 103 104 105 106 107 108 109 110 179
133: 176 79 80 81 66 68 69 70 71 72 83 74 76 78 85 87 89 91 92 93 94 95 96 97 98 99 100 103 177
132: 174 79 80 81 66 68 69 70 71 72 83 74 76 78 85 87 89 91 92 93 94 95 96 97 98 99 100 103 104 105 106 107 108 109 110 111 112 113 114 175
131: 172 79 80 81 66 68 69 70 71 72 83 74 76 78 85 87 89 91 92 93 173
130: 170 79 80 81 66 68 69 70 71 72 83 74 76 78 85 87 89 91 92 93 94 95 96 97 98 171
129: 168 79 80 81 66 68 69 70 71 72 83 74 76 78 85 87 89 91 92 93 94 95 96 97 98 99 100 103 104 105 106 107 108 109 110 111 112 113 169
128: 166 68 123 124 125 165 167
127: 68 123 124 125 165
96: 79 80 81 66 68 69 70 71 72 83 74 76 78 85 87 89 91 92 93 94 95 96 97 98 99 100 103 104 105 106 107 108 109 110 111 112 113 114
95: 79 80 81 66 68 69 70 71 72 83 74 76 78 85 87 89 91 92 93 94 95 96 97 98 99 100 103 104 105 106 107 108 109 110 111 112 113
94: 79 80 81 66 68 69 70 71 72 83 74 76 78 85 87 89 91 92 93 94 95 96 97 98 99 100 103 104 105 106 107 108 109 110 111 112
93: 79 80 81 66 68 69 70 71 72 83 74 76 78 85 87 89 91 92 93 94 95 96 97 98 99 100 103 104 105 106 107 108 109 110 111
92: 79 80 81 66 68 69 70 71 72 83 74 76 78 85 87 89 91 92 93 94 95 96 97 98 99 100 103 104 105 106 107 108 109 110
91: 79 80 81 66 68 69 70 71 72 83 74 76 78 85 87 89 91 92 93 94 95 96 97 98 99 100 103 104 105 106 107 108 109
90: 79 80 81 66 68 69 70 71 72 83 74 76 78 85 87 89 91 92 93 94 95 96 97 98 99 100 103 104 105 106 107 108
89: 79 80 81 66 68 69 70 71 72 83 74 76 78 85 87 89 91 92 93 94 95 96 97 98 99 100 103 104 105 106 107
88: 79 80 81 66 68 69 70 71 72 83 74 76 78 85 87 89 91 92 93 94 95 96 97 98 99 100 103 104 105 106
87: 79 80 81 66 68 69 70 71 72 83 74 76 78 85 87 89 91 92 93 94 95 96 97 98 99 100 103 104 105
86: 79 80 81 66 68 69 70 71 72 83 74 76 78 85 87 89 91 92 93 94 95 96 97 98 99 100 103 104
85: 79 80 81 66 68 69 70 71 72 83 74 76 78 85 87 89 91 92 93 94 95 96 97 98 99 100 103
84: 101 79 80 81 66 68 69 70 71 72 83 74 76 78 85 87 89 91 92 93 94 95 96 97 98 99 100 102
83: 79 80 81 66 68 69 70 71 72 83 74 76 78 85 87 89 91 92 93 94 95 96 97 98 99 100
82: 79 80 81 66 68 69 70 71 72 83 74 76 78 85 87 89 91 92 93 94 95 96 97 98 99
81: 79 80 81 66 68 69 70 71 72 83 74 76 78 85 87 89 91 92 93 94 95 96 97 98
68: 66
69: 66 68 69
70: 70 71 72
71: 74 76 78
72: 79 80 81
73: 79 80 81 66 68 69 70 71 72 83 74 76 78 85 87
74: 89
75: 79 80 81 66 68 69 70 71 72 83 74 76 78 85 87 89 91 92
76: 79 80 81 66 68 69 70 71 72 83 74 76 78 85 87 89 91 92 93
77: 79 80 81 66 68 69 70 71 72 83 74 76 78 85 87 89 91 92 93 94
78: 79 80 81 66 68 69 70 71 72 83 74 76 78 85 87 89 91 92 93 94 95
79: 79 80 81 66 68 69 70 71 72 83 74 76 78 85 87 89 91 92 93 94 95 96
80: 79 80 81 66 68 69 70 71 72 83 74 76 78 85 87 89 91 92 93 94 95 96 97
97: 79 80 81 66 68 69 70 71 72 83 74 76 78 85 87 89 91 92 93 94 95 96 97 98 99 100 103 104 105 106 107 108 109 110 111 112 113 114 115
98: 79 80 81 66 68 69 70 71 72 83 74 76 78 85 87 89 91 92 93 94 95 96 97 98 99 100 103 104 105 106 107 108 109 110 111 112 113 114 115 116
99: 117 79 80 81 66 68 69 70 71 72 83 74 76 78 85 87 89 91 92 93 94 95 96 97 98 99 100 103 104 105 106 107 108 109 110 111 112 113 114 115 116 118
100: 119 79 80 81 66 68 69 70 71 72 83 74 76 78 85 87 89 91 92 93 94 95 96 97 98 99 100 103 104 120
101: 121 79 80 81 66 68 69 70 71 72 83 74 76 78 85 87 89 91 92 93 94 95 96 97 98 99 100 103 104 105 106 107 108 122
102: 68
103: 68 123
104: 68 123 124
105: 68 123 124 125
106: 126 68 123 124 125 127
107: 79 80 81 66 68 69 70 71 72 83 74 76 78 85 87 89 91 92 93 94 95 96 97 98 99 100 103 104 105 106 107 108 109 110 111 112 113 114 115 116 128
108: 79 80 81 66 68 69 70 71 72 83 74 76 78 85 87 89 91 92 93 94 95 96 97 98 99 100 103 104 105 106 107 108 109 110 111 112 113 114 115 116 128 129
109: 130 79 80 81 66 68 69 70 71 72 83 74 76 78 85 87 89 91 92 93 94 95 96 97 98 99 100 103 104 105 106 107 108 109 110 111 112 113 114 115 116 128 129 131
110: 132 79 80 81 66 68 69 70 71 72 83 74 76 78 85 87 89 91 92 133
111: 134 68 135
112: 136 79 80 81 66 68 69 70 71 72 83 74 76 78 85 87 89 91 92 93 94 95 96 97 98 99 100 103 104 105 106 137
113: 138 79 80 81 66 68 69 70 71 72 83 74 76 78 85 87 89 91 92 93 94 139
114: 140 141
115: 142 79 80 81 66 68 69 70 71 72 83 74 76 78 85 87 89 91 92 93 94 95 96 97 98 99 100 103 104 105 143
116: 144 68 123 145
117: 146 79 80 81 66 68 69 70 71 72 83 74 76 78 85 87 89 91 92 93 94 95 96 97 98 99 100 103 104 105 106 107 108 109 147
118: 148 68 123 124 149
119: 150 79 80 81 66 68 69 70 71 72 83 74 76 78 85 87 89 91 92 93 94 95 151
120: 152 79 80 81 66 68 69 70 71 72 83 74 76 78 85 87 89 91 92 93 94 95 96 97 98 99 100 103 104 105 106 107 108 109 110 111 112 113 114 115 153
121: 154 79 80 81 66 68 69 70 71 72 83 74 76 78 85 87 89 91 92 93 94 95 96 97 98 99 100 103 104 105 106 107 108 109 110 111 155
122: 156
123: 157 79 80 81 66 68 69 70 71 72 83 74 76 78 85 87 89 91 92 93 94 95 96 97 98 99 158
124: 159 79 80 81 66 68 69 70 71 72 83 74 76 78 85 87 89 91 92 93 94 95 96 97 160
125: 161 79 80 81 66 68 69 70 71 72 83 74 76 78 85 87 89 91 92 93 94 95 96 97 98 99 100 103 104 105 106 107 162
126: 163 79 80 81 66 68 69 70 71 72 83 74 76 78 85 87 89 91 92 93 94 95 96 97 98 99 100 103 104 105 106 107 108 109 110 111 112 113 114 115 116 128 164
----------------------------------------
