
【aig】
126: 280 207 233 234 235 236 239 213 237 238 240 241 230 200 201 202 203 204 205 206 231 232 242 243 244 245 246 247 248 249 214 215 216 208 209 210 211 212 217 218 225 219 220 221 222 223 224 226 227 228 229 250 251 252 253 254 255 256 257 258 259 260 261 262 263 264 265 266 267 268 269 270 271 272 273 274 275 276 277 278 279 281 282 308 309 310 286 287 283 284 285 288 289 290 291 292 293 294 295 296 297 298 299 300 301 302 303 304 305 306 307 311 312 313 314 315
125: 207 233 234 235 236 239 213 237 238 240 241 230 200 201 202 203 204 205 206 231 232 242 243 244 245 246 247 248 249 214 215 216 208 209 210 211 212 217 218 225 219 220 221 222 223 224 226 227 228 229 250 251 252 253 254 255 256 257 258 259 260 261 262 263 264 265 266 267 268 269 270 271 272 273 274 275 276 277 278 279 308 309 310
114: 207 257 258 259 260 261 262 290 263 264 265 291 292 230 200 201 202 203 204 205 206 231 232 242 233 234 235 236 239 213 237 238 240 241 243 254 255 256 273 293 266 267 268 269 270 271 272 294 295 296 297 298 299 300 301 302 303 304 305 306 307
113: 230 200 201 202 203 204 205 206 231 232 242 207 233 234 235 236 239 213 237 238 240 241 243 254 255 256 273 293 257 258 259 260 261 262 263 264 265 266 267 268 269 270 271 272 294 295 296 297 298 299 300
112: 230 200 201 202 203 204 205 206 231 232 242 207 233 234 235 236 239 213 237 238 240 241 243 254 255 256 273 293 257 258 259 260 261 262 263 264 265 266 267 268 269 270 271 272 294 295 296
101: 207 257 258 259 260 261 262 290 263 264 265 291 292
96: 286 287 283 284 285 288 289
89: 126 128 129 127 130 131 132 133 134 135 136 137 138 139 140 141 142 143 144 145 146 147 166 167 148 149 150 151 152 153 161 162 154 156 157 155 158 159 160 163 164 165 168 169 170
88: 126 127 128 148 149 150 151 152 153 161 162 154 156 157 155 158 159 160 163 164 165
87: 154 156 157 155 158 159 160
86: 155
85: 154
84: 126 127 128 148 149 150 151 152 153
83: 126 128 129 127 130 131 132 133 134 135 136 137 138 139 140 141 142 143 144 145 146 147
82: 133 134 135 136 137 138 139 140
81: 133
80: 126 128 129 127 130 131 132
79: 127
78: 126
77: 111 112 113 114 115 116 117 118 119 120 121 122 123 124 125
76: 111 112 113 114 115 116 117 118 119 120 121
75: 111 112 113 114 115 116 117
74: 111 112 113
61: 60 61 62 63 64
120: 200 201 202 203 204 205 206 207 213 214 215 216 208 209 210 211 212 217 218 225 219 220 221 222 223 224 226 227 228 229
62: 65 66 67 68 69
121: 207 233 234 235 236 239 213 237 238 240 241 230 200 201 202 203 204 205 206 231 232 242 243 244 245 246 247 248
63: 65 70
122: 207 233 234 235 236 239 213 237 238 240 241 230 200 201 202 203 204 205 206 231 232 242 243 244 245 246 247 248 249 214 215 216 208 209 210 211 212 217 218 225 219 220 221 222 223 224 226 227 228 229 250 251 252 253
64: 65 66 67 68 69 70 71 72 73 74 75 76 77
123: 230 200 201 202 203 204 205 206 231 232 242 207 233 234 235 236 239 213 237 238 240 241 243 254 255 256 257 258 259 260 261 262 263 264 265 266 267 268 269 270 271 272 273 274 275 276 277 278 279
65: 65 66 67 68 69 70 71 72 73 74 75 76 77 60 61 62 63 64 78 79 80 81
124: 280 207 233 234 235 236 239 213 237 238 240 241 230 200 201 202 203 204 205 206 231 232 242 243 244 245 246 247 248 249 214 215 216 208 209 210 211 212 217 218 225 219 220 221 222 223 224 226 227 228 229 250 251 252 253 254 255 256 257 258 259 260 261 262 263 264 265 266 267 268 269 270 271 272 273 274 275 276 277 278 279 281 282
66: 82
67: 82 83 84 85 86 87
68: 82 83 84 85 86 87 88
69: 89
70: 89 90 91 92 93 94
71: 89 95 96 97 98
72: 89 90 91 92 93 94 95 96 97 98 99 100 101 102 103 104 105
73: 106 82 83 84 85 86 87 88 89 90 91 92 93 94 95 96 97 98 99 100 101 102 103 104 105 107 108 109 110
90: 126 128 129 127 130 131 132 141 171 133 134 135 136 137 138 139 140 172 173 174
91: 134 175 133 176 177 178
92: 126 128 129 127 130 131 132 141 171 133 134 135 136 137 138 139 140 172 173 174 175 176 177 178 179 180 181 182 183 184 185 186 187
93: 126 128 129 127 130 131 132 133 134 135 136 137 138 139 140 141 142 143 144 145 146 147 166 167 148 149 150 151 152 153 161 162 154 156 157 155 158 159 160 163 164 165 168 169 170 171 172 173 174 175 176 177 178 179 180 181 182 183 184 185 186 187 188 189 190 191 192 193 194
94: 195 111 112 113 114 115 116 117 118 119 120 121 122 123 124 125 126 128 129 127 130 131 132 133 134 135 136 137 138 139 140 141 142 143 144 145 146 147 166 167 148 149 150 151 152 153 161 162 154 156 157 155 158 159 160 163 164 165 168 169 170 171 172 173 174 175 176 177 178 179 180 181 182 183 184 185 186 187 188 189 190 191 192 193 194 196 197 198 199
103: 200 201 202
104: 203 204 205
105: 200 201 202 203 204 205 206
98: 207
115: 207 208 209 210 211 212
116: 207 213 214
117: 200 201 202 203 204 205 206 207 213 214 215 216 208 209 210 211 212 217 218
118: 219
119: 219 220 221 222 223 224
106: 230 200 201 202 203 204 205 206 231 232
107: 207 233
108: 207 233 234 235 236
109: 207 213 237
110: 207 233 234 235 236 239 213 237 238 240 241
111: 230 200 201 202 203 204 205 206 231 232 242 207 233 234 235 236 239 213 237 238 240 241 243 254 255 256
99: 207 257 258 259
100: 207 257 258 259 260 261 262
97: 263 264 265
102: 207 257 258 259 260 261 262 263 264 265 266 267 268 269 270 271 272
95: 283 284 285
----------------------------------------

【xag】
126: 355 70 227 269 271 261 264 265 268 273 274 277 294 255 209 211 213 215 217 219 221 256 258 297 298 299 301 315 316 317 303 304 306 308 310 313 319 318 320 345 347 349 350 352 356 339 341 342 358 357 359 330 331 333 335 336 337 338 365 324 278 279 281 282 237 238 239 241 243 244 246 229 231 224 225 226 233 234 236 249 250 251 253 285 286 288 291 322 321 323 325 327 360 362 364 366 368
125: 255 209 211 213 215 217 219 221 256 258 278 279 70 227 269 271 261 264 265 268 273 274 277 281 282 237 238 239 241 243 244 246 229 231 224 225 226 233 234 236 249 250 251 253 285 286 288 291 315 316 317 303 304 306 308 310 313 319 318 320 294 297 298 299 301 322 321 323 360 362 364
114: 355 70 227 269 271 261 264 265 268 273 274 277 294 255 209 211 213 215 217 219 221 256 258 297 298 299 301 315 316 317 303 304 306 308 310 313 319 318 320 345 347 349 350 352 356 339 341 342 358 357 359
113: 355 70 227 269 271 261 264 265 268 273 274 277 294 255 209 211 213 215 217 219 221 256 258 297 298 299 301 315 316 317 303 304 306 308 310 313 319 318 320 345 347 349 350 352 356
112: 70 227 269 271 261 264 265 268 273 274 277 294 255 209 211 213 215 217 219 221 256 258 297 298 299 301 315 316 317 303 304 306 308 310 313 319 318 320 345 347 349 350 352
101: 315 316 317 339 70 303 304 306 308 310 313 341 342
96: 330 331 333 335 336 337 338
89: 128 132 131 133 112 113 116 118 121 123 125 135 134 136 140 137 141 142 145 146 148 151 153 155 158 161 163 164 165 168 170 172 173 175
88: 113 112 140 137 141 142 145 146 148 151 153 155 158 161 163 164 165
87: 142 145 146 148 151 153 155
86: 145
85: 142
84: 113 112 140 137 141
83: 128 132 131 133 112 113 116 118 121 123 125 135 134 136
82: 128 132 131 133
81: 128
80: 112 113 116 118 121 123 125
79: 113
78: 112
77: 110 108 100 101 102 105 106 109 111
76: 108 100 101 102 105 106 109
75: 100 101 102 105 106
74: 100 101 102
61: 59 60 62 64 65
120: 237 238 239 241 243 244 246 209 211 213 215 217 219 221 70 227 229 231 224 225 226 233 234 236 249 250 251 253
62: 68 67 69
121: 255 209 211 213 215 217 219 221 256 258 278 279 70 227 269 271 261 264 265 268 273 274 277 281
63: 70 71
122: 255 209 211 213 215 217 219 221 256 258 278 279 70 227 269 271 261 264 265 268 273 274 277 281 282 237 238 239 241 243 244 246 229 231 224 225 226 233 234 236 249 250 251 253 285 286 288 291
64: 70 71 72 73 68 67 69 74
123: 315 316 317 70 303 304 306 308 310 313 319 318 320 227 269 271 261 264 265 268 273 274 277 294 255 209 211 213 215 217 219 221 256 258 297 298 299 301 322 321 323
65: 59 60 62 64 65 75 70 71 72 73 68 67 69 74 76
124: 324 255 209 211 213 215 217 219 221 256 258 278 279 70 227 269 271 261 264 265 268 273 274 277 281 282 237 238 239 241 243 244 246 229 231 224 225 226 233 234 236 249 250 251 253 285 286 288 291 315 316 317 303 304 306 308 310 313 319 318 320 294 297 298 299 301 322 321 323 325 327
66: 77
67: 77 78 79 81 83 84
68: 77 78 79 81 83 84 86
69: 87
70: 87 88 89 90
71: 91 87 92
72: 91 87 92 88 89 90 94 93 95
73: 91 87 92 88 89 90 94 93 95 77 78 79 81 83 84 86 96 97 98
90: 112 113 116 118 121 123 125 128 132 131 133 178 181 183 184 185
91: 128 188 189 191 192 195
92: 198 112 113 116 118 121 123 125 128 132 131 133 178 181 183 184 185 199 188 189 191 192 195 200
93: 198 112 113 116 118 121 123 125 128 132 131 133 178 181 183 184 185 199 188 189 191 192 195 200 135 134 136 140 137 141 142 145 146 148 151 153 155 158 161 163 164 165 168 170 172 173 175 202 201 203
94: 198 112 113 116 118 121 123 125 128 132 131 133 178 181 183 184 185 199 188 189 191 192 195 200 135 134 136 140 137 141 142 145 146 148 151 153 155 158 161 163 164 165 168 170 172 173 175 202 201 203 110 108 100 101 102 105 106 109 111 204 205 206
103: 209 211 213
104: 215 217 219
105: 209 211 213 215 217 219 221
98: 70
115: 70 224 225 226
116: 70 227 229
117: 209 211 213 215 217 219 221 70 227 229 231 224 225 226 233 234 236
118: 237
119: 237 238 239 241 243 244
106: 255 209 211 213 215 217 219 221 256 258
107: 70 261
108: 70 261 264 265 268
109: 70 227 269
110: 70 227 269 271 261 264 265 268 273 274 277
111: 70 227 269 271 261 264 265 268 273 274 277 294 255 209 211 213 215 217 219 221 256 258 297 298 299 301
99: 70 303 304 306
100: 70 303 304 306 308 310 313
97: 315 316 317
102: 315 316 317 70 303 304 306 308 310 313 319 318 320
95: 330 331 333
----------------------------------------

【mig】
126: 304 305 306 308 309 311 313 215 275 276 277 279 281 282 283 284 285 315 316 318 319 203 204 206 208 210 211 213 241 242 244 245 247 248 250 253 222 223 251 255 257 259 261 274 287 288 289 291 293 294 320 322 324 326 327 329 331 333 216 217 219 221 226 224 228 230 232 234 235 237 238 239 240 269 263 264 266 267 271 273 296 298 334 336 337 300 301 302 338 340
125: 333 203 204 206 208 210 211 213 215 216 217 219 221 226 222 223 224 228 230 232 234 235 237 238 239 240 269 245 247 248 250 253 251 255 257 259 241 242 244 261 263 264 266 267 271 273 274 275 276 277 279 281 282 283 284 285 287 288 289 291 293 294 296 298 334 336
114: 215 275 276 277 279 281 282 283 284 285 315 316 318 319 203 204 206 208 210 211 213 241 242 244 245 247 248 250 253 222 223 251 255 257 259 261 274 287 288 289 291 293 294 320 322 324 326 327 329 331
113: 319 203 204 206 208 210 211 213 241 242 244 215 245 247 248 250 253 222 223 251 255 257 259 261 274 275 276 277 279 281 282 283 284 285 287 288 289 291 293 294 320 322 324
112: 203 204 206 208 210 211 213 241 242 244 215 245 247 248 250 253 222 223 251 255 257 259 261 274 275 276 277 279 281 282 283 284 285 287 288 289 291 293 294
101: 215 275 276 277 279 281 282 283 284 285 315 316 318
96: 304 305 306 308 309 311 313
89: 138 139 141 143 144 146 147 149 151 153 154 156 158 160 162 164 166 168 169 171 172 173 174 175
88: 138 139 141 160 162 164 166 168 169 171 172 173
87: 166 168 169 171
86: 168
85: 166
84: 138 139 141 160 162 164
83: 138 139 141 143 144 146 147 149 151 153 154 156 158
82: 144 146 147 149 151
81: 144
80: 138 139 141 143
79: 139
78: 138
77: 133 126 118 119 121 122 123 124 127 129 131 134 135 136
76: 126 118 119 121 122 123 124 127 129 131
75: 118 119 121 122 123 124
74: 118 119 121
61: 59 61 62
120: 203 204 206 208 210 211 213 215 216 217 219 221 226 222 223 224 228 230 232 234 235 237 238 239 240
62: 63 64 65 67 68
121: 215 245 247 248 250 253 222 223 251 255 257 259 203 204 206 208 210 211 213 241 242 244 261 263 264 266 267
63: 64 70
122: 203 204 206 208 210 211 213 215 216 217 219 221 226 222 223 224 228 230 232 234 235 237 238 239 240 269 245 247 248 250 253 251 255 257 259 241 242 244 261 263 264 266 267 271 273
64: 63 64 65 67 68 70 71 73 74 76 77
123: 203 204 206 208 210 211 213 241 242 244 215 245 247 248 250 253 222 223 251 255 257 259 261 274 275 276 277 279 281 282 283 284 285 287 288 289 291 293 294 296 298
65: 59 61 62 79 63 64 65 67 68 70 71 73 74 76 77 80 82 84
124: 203 204 206 208 210 211 213 215 216 217 219 221 226 222 223 224 228 230 232 234 235 237 238 239 240 269 245 247 248 250 253 251 255 257 259 241 242 244 261 263 264 266 267 271 273 300 274 275 276 277 279 281 282 283 284 285 287 288 289 291 293 294 296 298 301 302
66: 86
67: 86 87 89 90
68: 86 87 89 90 91
69: 92
70: 92 93 94 96 98
71: 99 92 100 102 103
72: 92 93 94 96 98 99 100 102 103 105 106 108 110
73: 86 87 89 90 91 92 93 94 96 98 99 100 102 103 105 106 108 110 112 113 114 116
90: 138 139 141 143 144 146 147 149 151 153 154
91: 144 146 177
92: 138 139 141 143 144 146 147 149 151 153 154 179 180 182 177 184 186 188
93: 138 139 141 143 144 146 147 149 151 153 154 156 158 160 162 164 166 168 169 171 172 173 174 175 179 180 182 177 184 186 188 190 191 193 195
94: 133 126 118 119 121 122 123 124 127 129 131 134 135 136 138 139 141 143 144 146 147 149 151 153 154 156 158 160 162 164 166 168 169 171 172 173 174 175 179 180 182 177 184 186 188 190 191 193 195 197 198 199 201
103: 203 204 206
104: 208 210 211
105: 203 204 206 208 210 211 213
98: 215
115: 215 216 217 219 221
116: 222 223 224
117: 203 204 206 208 210 211 213 215 216 217 219 221 226 222 223 224 228 230 232
118: 234
119: 234 235 237 238
106: 203 204 206 208 210 211 213 241 242 244
107: 215 245
108: 215 245 247 248 250
109: 222 223 251
110: 215 245 247 248 250 253 222 223 251 255 257 259
111: 203 204 206 208 210 211 213 241 242 244 215 245 247 248 250 253 222 223 251 255 257 259 261 274
99: 215 275 276 277
100: 215 275 276 277 279 281 282
97: 283 284 285
102: 215 275 276 277 279 281 282 283 284 285 287 288 289 291
95: 304 305 306
----------------------------------------

【xmg】
126: 214 173 142 144 146 148 149 151 153 174 175 177 178 180 181 183 66 158 184 186 187 188 198 200 215 211 206 201 202 204 207 208 212 209 210 213 216 217 155 156 157 160 162 163 164 166 167 169 170 171 172 190 191 192 193 195 197 218 220 241 242 244 238 230 231 232 239 236 234 237 240 222 223 225 227 228 229 245 246 248
125: 241 66 155 156 157 158 160 162 142 144 146 148 149 151 153 163 164 166 167 169 170 171 172 173 174 175 190 191 177 178 180 181 183 184 186 187 188 192 193 195 197 214 198 200 215 211 206 201 202 204 207 208 212 209 210 213 216 242 244
114: 238 209 210 230 206 66 201 202 204 207 208 231 232 239 236 173 142 144 146 148 149 151 153 174 175 177 178 180 181 183 158 184 186 187 188 198 200 211 212 213 214 234 237 240
113: 236 173 142 144 146 148 149 151 153 174 175 177 178 180 181 183 66 158 184 186 187 188 198 200 211 206 201 202 204 207 208 212 209 210 213 214 234 237
112: 173 142 144 146 148 149 151 153 174 175 177 178 180 181 183 66 158 184 186 187 188 198 200 211 206 201 202 204 207 208 212 209 210 213 214 234
101: 209 210 230 206 66 201 202 204 207 208 231 232
96: 222 223 225 227 228 229
89: 113 102 103 105 107 114 110 111 108 112 115 116 117 118 120 121 123 124 125 126 127
88: 105 102 116 103 117 118 120 121 123 124 125
87: 118 120 121 123
86: 120
85: 118
84: 105 102 116 103 117
83: 113 102 103 105 107 114 110 111 108 112 115
82: 110 111 108 112
81: 108
80: 102 103 105 107
79: 103
78: 102
77: 100 98 91 92 94 96 97 99 101
76: 98 91 92 94 96 97 99
75: 91 92 94 96 97
74: 91 92 94
61: 59 61 62
120: 66 155 156 157 158 160 162 142 144 146 148 149 151 153 163 164 166 167 169 170 171 172
62: 64 63 65
121: 173 142 144 146 148 149 151 153 174 175 190 191 177 178 180 181 183 66 158 184 186 187 188 192
63: 66 67
122: 66 155 156 157 158 160 162 142 144 146 148 149 151 153 163 164 166 167 169 170 171 172 173 174 175 190 191 177 178 180 181 183 184 186 187 188 192 193 195 197
64: 66 67 68 69 64 63 65 70
123: 214 173 142 144 146 148 149 151 153 174 175 177 178 180 181 183 66 158 184 186 187 188 198 200 215 211 206 201 202 204 207 208 212 209 210 213 216
65: 59 61 62 71 66 67 68 69 64 63 65 70 72
124: 214 173 142 144 146 148 149 151 153 174 175 177 178 180 181 183 66 158 184 186 187 188 198 200 215 211 206 201 202 204 207 208 212 209 210 213 216 217 155 156 157 160 162 163 164 166 167 169 170 171 172 190 191 192 193 195 197 218 220
66: 73
67: 73 74 76 77
68: 73 74 76 77 78
69: 79
70: 79 80 81 82
71: 83 79 84
72: 85 79 80 81 82 86 83 84 87
73: 85 79 80 81 82 86 83 84 87 73 74 76 77 78 88 89 90
90: 102 103 105 107 110 111 108 112 113 129
91: 108 110 131
92: 108 110 131 102 103 105 107 111 112 113 129 133 134 135
93: 136 113 102 103 105 107 114 110 111 108 112 115 116 117 118 120 121 123 124 125 126 127 137 131 129 133 134 135 138
94: 136 113 102 103 105 107 114 110 111 108 112 115 116 117 118 120 121 123 124 125 126 127 137 131 129 133 134 135 138 100 98 91 92 94 96 97 99 101 139 140 141
103: 142 144 146
104: 148 149 151
105: 142 144 146 148 149 151 153
98: 66
115: 66 155 156 157
116: 66 158 160
117: 66 155 156 157 158 160 162 142 144 146 148 149 151 153 163 164
118: 166
119: 166 167 169 170
106: 173 142 144 146 148 149 151 153 174 175
107: 177 178
108: 177 178 180 181 183
109: 66 158 184
110: 177 178 180 181 183 66 158 184 186 187 188
111: 173 142 144 146 148 149 151 153 174 175 177 178 180 181 183 66 158 184 186 187 188 198 200
99: 66 201 202 204
100: 206 66 201 202 204 207 208
97: 209 210
102: 211 206 66 201 202 204 207 208 212 209 210 213
95: 222 223 225
----------------------------------------
