
【aig】
341: 784 785 783 786 787 788 324 325 326 327 328 329 330 331 332 333 334 351 352 353 354 355 356 362 363 357 358 359 360 361 364 365 366 789 790 791 792 793 794 795 796 797 798 799 818 819 800 801 802 803 804 805 806 807 813 808 809 810 811 812 814 815 816 817 820 821 822 823 824 825 826 297 298 299 300 301 302 303 304 305 306 307 308 309 310 311 312 313 314 315 316 317 318 319 320 321 322 323 339 340 335 336 337 338 341 342 343 344 345 346 347 348 349 350 296 373 374 367 368 369 370 371 372 375 376 377 827 828 829 830 831 832 833 834 835 836 837 838 839 840 841 842 843 844 845 846 847 848
340: 784 785 783 786 787 788 793 823 324 325 326 327 328 329 330 331 332 333 334 351 352 353 354 355 356 362 363 357 358 359 360 361 364 365 366 789 790 791 792 824 825 826 297 298 299 300 301 302 303 304 305 306 307 308 309 310 311 312 313 314 315 316 317 318 319 320 321 322 323 339 340 335 336 337 338 341 342 343 344 345 346 347 348 349 350 296 373 374 367 368 369 370 371 372 375 376 377 827 828 829 830 831 832 833 834 835 836 837 838 839 840 841 842 843
339: 297 298 299 300 301 302 303 304 305 306 307 308 309 310 311 312 313 314 315 316 317 318 319 320 321 322 323 339 340 324 325 326 327 328 329 334 335 330 331 332 333 336 337 338 341 342 343 344 345 346 347 348 349 350 296 351 352 353 354 355 356 362 363 357 358 359 360 361 364 365 366 373 374 367 368 369 370 371 372 375 376 377 827 828 829 830 831 832 833 834 835 836
338: 324 325 326 327 328 329 330 331 332 333 334 351 352 353 354 355 356 362 363 357 358 359 360 361 364 365 366 373 374 298 299 300 301 302 297 303 304 305 306 307 318 319 320 321 322 323 335 336 337 338 339 367 368 369 370 371 372 375 376 377 827 828 829 830
337: 784 785 783 786 787 788 793 823 324 325 326 327 328 329 330 331 332 333 334 351 352 353 354 355 356 362 363 357 358 359 360 361 364 365 366 789 790 791 792 824 825 826
336: 784 785 783 786 787 788 324 325 326 327 328 329 330 331 332 333 334 351 352 353 354 355 356 362 363 357 358 359 360 361 364 365 366 789 790 791 792 793 794 795 796 797 798 799 818 819 800 801 802 803 804 805 806 807 813 808 809 810 811 812 814 815 816 817 820 821 822
335: 800 801 802 784 783 803 804 805 806 807 813 808 809 810 811 812 814 815 816 817
334: 808 809 810 811 812
333: 800 801 802 784 783 803 804 805 806 807
332: 800 801 802
328: 784
331: 784 785 783 786 787 788 324 325 326 327 328 329 330 331 332 333 334 351 352 353 354 355 356 362 363 357 358 359 360 361 364 365 366 789 790 791 792 793 794 795 796 797 798 799
330: 324 325 326 327 328 329 330 331 332 333 334 351 352 353 354 355 356 362 363 357 358 359 360 361 364 365 366 789 790 791 792
224: 324 325 326 327 328 329 330 331 332 333 334 351 352 353 354 355 356 362 363 357 358 359 360 361 364 365 366 789 790
329: 784 785 783 786 787 788
327: 783
326: 777 778 779 780 781 782
325: 777
324: 772 704 705 706 707 708 709 710 721 722 716 717 711 712 713 714 715 718 719 720 723 724 725 726 727 728 729 730 731 732 733 734 735 746 747 736 741 742 737 738 739 740 743 744 745 748 749 750 757 758 751 752 753 754 755 756 759 760 761 762 763 764 765 766 767 768 769 770 771 773 774 775 776
323: 711 712 713 714 715 716 730 731 732 733 734 735 746 747 736 741 742 737 738 739 740 743 744 745 748 749 750 757 758 704 705 706 707 708 709 710 717 718 719 720 721 751 752 753 754 755 756 759 760 761 762 763 764 765 766 767 768 769 770 771
322: 711 712 713 714 715 716 730 731 732 733 734 735 746 747 736 741 742 737 738 739 740 743 744 745 748 749 750 757 758 704 705 706 707 708 709 710 717 718 719 720 721 751 752 753 754 755 756 759 760 761 762 763 764 765
321: 711 712 713 714 715 716 730 731 732 733 734 735 746 747 736 741 742 737 738 739 740 743 744 745 748 749 750 757 758 704 705 706 707 708 709 710 717 718 719 720 721 751 752 753 754 755 756 759 760 761
320: 704 705 706 707 708 709 710 716 717 711 712 713 714 715 718 719 720 721 751 752 753 754 755 756
319: 711 712 713 714 715 716 730 731 732 733 734 735 746 747 736 741 742 737 738 739 740 743 744 745 748 749 750
318: 736 741 742 737 738 739 740 743 744 745
317: 737 738 739 740
316: 737 738
315: 736
314: 711 712 713 714 715 716 730 731 732 733 734 735
313: 704 705 706 707 708 709 710 721 722 716 717 711 712 713 714 715 718 719 720 723 724 725 726 727 728 729
312: 704 705 706 707 708 709 710 721 722 716 717 711 712 713 714 715 718 719 720 723 724 725
311: 716 717 711 712 713 714 715 718 719 720
310: 711 712 713 714 715
309: 704 705 706 707 708 709 710
308: 704 705 706
307: 699 634 635 636 637 638 640 639 641 642 647 648 643 644 645 646 649 650 651 652 653 654 655 656 657 658 659 660 661 662 663 664 665 681 682 666 667 668 669 670 671 676 672 673 674 675 677 678 679 680 683 684 685 686 687 688 690 689 691 692 693 694 695 696 697 698 700 701 702 703
306: 655 656 657 658 659 640 639 641 642 643 644 645 646 647 660 661 662 663 664 665 681 682 666 667 668 669 670 671 676 672 673 674 675 677 678 679 680 683 684 685 686 687 688 690 689 691 692 693 694 695 696 697 698
305: 686 687 688 690 689 691 692
304: 687 688
303: 686
302: 640 639 641 642 643 644 645 646 647 660 661 662 663 664 665 681 682 666 667 668 669 670 671 676 672 673 674 675 677 678 679 680 683 684 685
301: 666 667 668 669 670 671 676 672 673 674 675 677 678 679 680
300: 672 673 674 675
299: 672 673
298: 666 667 668 669 670 671
227: 398 297 298 299 300 301 302 303 304 305 306 307 308 309 310 311 312 313 314 315 316 317 344 378 318 319 320 321 322 323 339 340 324 325 326 327 328 329 334 335 330 331 332 333 336 337 338 341 342 343 379 380 381 382 383 384 385 386 387 388 389 390 391 392 393 394 395 396 397 399 400 401 402 296 345 346 347 348 349 350 403 351 352 353 354 355 356 362 363 357 358 359 360 361 364 365 366 373 374 367 368 369 370 371 372 375 376 377 404 405 406 407
218: 398 297 298 299 300 301 302 303 304 305 306 307 308 309 310 311 312 313 314 315 316 317 344 378 318 319 320 321 322 323 339 340 324 325 326 327 328 329 334 335 330 331 332 333 336 337 338 341 342 343 379 380 381 382 383 384 385 386 387 388 389 390 391 392 393 394 395 396 397 399 400 401 402
217: 311 382 297 298 299 300 301 302 303 304 305 306 307 308 309 310 383 384 385 386 387 388 389 390 391 392 393 394 395 396 397
216: 311 382 297 298 299 300 301 302 303 304 305 306 307 308 309 310 383 384 385 386 387 388 389 390 391 392 393
215: 311 382 297 298 299 300 301 302 303 304 305 306 307 308 309 310 383 384 385 386 387 388 389
214: 311 382 297 298 299 300 301 302 303 304 305 306 307 308 309 310 383 384 385
213: 297 298 299 300 301 302 303 304 305 306 307 308 309 310 311 312 313 314 315 316 317 344 378 318 319 320 321 322 323 339 340 324 325 326 327 328 329 334 335 330 331 332 333 336 337 338 341 342 343 379 380 381
226: 324 325 326 327 328 329 330 331 332 333 334 351 352 353 354 355 356 362 363 357 358 359 360 361 364 365 366 373 374 298 299 300 301 302 297 303 304 305 306 307 318 319 320 321 322 323 335 336 337 338 339 367 368 369 370 371 372 375 376 377
225: 298 299 300 301 302 297 303 304 305 306 307 318 319 320 321 322 323 324 325 326 327 328 329 334 335 330 331 332 333 336 337 338 339 367 368 369 370 371 372
223: 324 325 326 327 328 329 330 331 332 333 334 351 352 353 354 355 356 362 363 357 358 359 360 361 364 365 366
222: 357 358 359 360 361
221: 324 325 326 327 328 329 330 331 332 333 334 351 352 353 354 355 356
220: 297 298 299 300 301 302 303 304 305 306 307 308 309 310 311 312 313 314 315 316 317 318 319 320 321 322 323 339 340 324 325 326 327 328 329 334 335 330 331 332 333 336 337 338 341 342 343 344 345 346 347 348 349 350
212: 298 299 300 301 302 297 303 304 305 306 307 318 319 320 321 322 323 339 340 324 325 326 327 328 329 334 335 330 331 332 333 336 337 338 341 342 343
211: 324 325 326 327 328 329 334 335 330 331 332 333 336 337 338
210: 330 331 332 333
209: 330 331
208: 324 325 326 327 328 329
207: 324 325 326
206: 298 299 300 301 302 297 303 304 305 306 307 318 319 320 321 322 323
205: 297 298 299 300 301 302 303 304 305 306 307 308 309 310 311 312 313 314 315 316 317
204: 297 298 299 300 301 302 303 304 305 306 307 308 309 310
201: 303 304 305 306 307
203: 298 299 300 301 302
202: 298 299
200: 297
219: 296
199: 295
181: 212 213 214 215 216 217
180: 212 213 214
182: 208 209
178: 174 175 176 177 178 179 180 181 187 188 182 183 184 185 186 189 190 191 192 202 203 204 205 206 207
177: 174 175 176 177 178 192 193 179 180 181 187 188 182 183 184 185 186 189 190 191 194 195 196 197 198 199 200 201
176: 174 175 176 177 178 192 193 179 180 181 187 188 182 183 184 185 186 189 190 191 194 195 196
173: 179 180 181 187 188 182 183 184 185 186 189 190 191
172: 182 183 184 185 186
230: 413 414 415 416 417
171: 179 180 181
175: 174 175 176 177 178
174: 174 175
183: 208 209 210 211
229: 408 409 410 411 412
170: 170 171 172 173
297: 666 667 668
184: 208 209 210 211 218 219 212 213 214 215 216 217 220 221 222
179: 179 180 181 182 183 184 185 186 187 223 224 225 226 227 228
185: 208 209 210 211 218 219 212 213 214 215 216 217 220 221 222 229 230 179 180 181 182 183 184 185 186 187 223 224 225 226 227 228 231 232 233
186: 174 175 176 177 178 179 180 181 187 188 182 183 184 185 186 189 190 191 192 202 203 204 205 206 207 234 235 208 209 210 211 218 219 212 213 214 215 216 217 220 221 222 229 230 223 224 225 226 227 228 231 232 233 236 237 238
187: 174 175 176 177 178 179 180 181 187 188 182 183 184 185 186 189 190 191 192 202 203 204 205 206 207 234 235 208 209 210 211 218 219 212 213 214 215 216 217 220 221 222 229 230 223 224 225 226 227 228 231 232 233 236 237 238 239 240 241 242
188: 174 175 176 177 178 192 193 179 180 181 187 188 182 183 184 185 186 189 190 191 194 195 196 197 198 199 200 201 202 203 204 205 206 207 234 235 208 209 210 211 218 219 212 213 214 215 216 217 220 221 222 229 230 223 224 225 226 227 228 231 232 233 236 237 238 239 240 241 242 243 244 245 246 247 248 249
189: 208 209 210 211 212 213 214 215 216 217 218 250 251 252 253
190: 208 209 210 211 212 213 214 215 216 217 218 250 251 252 253 254 255 256
191: 257 258 259 260 261
192: 208 209 210 211 212 213 214 215 216 217 218 250 251 252 253 254 255 256 262 263 257 258 259 260 261 264 265 266
193: 208 209 210 211 218 219 212 213 214 215 216 217 220 221 222 179 180 181 182 183 184 185 186 187 223 224 225 226 227 228 229 267 268 269 270 271 272
194: 208 209 210 211 212 213 214 215 216 217 218 250 251 252 253 254 255 256 262 263 257 258 259 260 261 264 265 266 273 274 219 220 221 222 179 180 181 182 183 184 185 186 187 223 224 225 226 227 228 229 267 268 269 270 271 272 275 276 277
195: 174 175 176 177 178 179 180 181 187 188 182 183 184 185 186 189 190 191 192 202 203 204 205 206 207 208 209 210 211 218 219 212 213 214 215 216 217 220 221 222 229 230 223 224 225 226 227 228 231 232 233 234 278 279 280 281 282 283
196: 208 209 210 211 212 213 214 215 216 217 218 250 251 252 253 254 255 256 262 263 257 258 259 260 261 264 265 266 273 274 219 220 221 222 179 180 181 182 183 184 185 186 187 223 224 225 226 227 228 229 267 268 269 270 271 272 275 276 277 284 285 174 175 176 177 178 188 189 190 191 192 202 203 204 205 206 207 230 231 232 233 234 278 279 280 281 282 283 286 287 288
197: 208 209 210 211 212 213 214 215 216 217 218 250 251 252 253 254 255 256 262 263 257 258 259 260 261 264 265 266 273 274 219 220 221 222 179 180 181 182 183 184 185 186 187 223 224 225 226 227 228 229 267 268 269 270 271 272 275 276 277 284 285 174 175 176 177 178 188 189 190 191 192 202 203 204 205 206 207 230 231 232 233 234 278 279 280 281 282 283 286 287 288 289 290
198: 208 209 210 211 212 213 214 215 216 217 218 250 251 252 253 254 255 256 262 263 257 258 259 260 261 264 265 266 273 274 219 220 221 222 179 180 181 182 183 184 185 186 187 223 224 225 226 227 228 229 267 268 269 270 271 272 275 276 277 284 285 174 175 176 177 178 188 189 190 191 192 202 203 204 205 206 207 230 231 232 233 234 278 279 280 281 282 283 286 287 288 289 290 170 171 172 173 193 194 195 196 197 198 199 200 201 235 236 237 238 239 240 241 242 243 244 245 246 247 248 249 291 292 293 294
231: 408 409 410 411 412 413 414 415 416 417 418 419 420
233: 421 422
232: 423 424 425
234: 421 422 423 424 425 426 427 428
235: 429
236: 430
237: 429 431 432 430 433 434 435
238: 421 422 423 424 425 426 427 428 436 437 429 431 432 430 433 434 435 438 439 440
239: 408 409 410 411 412 413 414 415 416 417 418 419 420 421 422 423 424 425 426 427 428 436 437 429 431 432 430 433 434 435 438 439 440 441 442 443 444 445 446 447 448
240: 421 422 423 424 425 426 427 428 429 431 432 430 433 434 435 436 449 450 451 452 453 454
241: 430 429 431 455 456 457 458
242: 430 429 431 455 456 457 458 459 460 461
243: 462 463 464 465 466
244: 430 429 431 455 456 457 458 459 460 461 467 468 462 463 464 465 466 469 470 471
245: 421 422 423 424 425 426 427 428 429 431 432 430 433 434 435 436 449 450 451 452 453 454 472 473 455 456 457 458 459 460 461 467 468 462 463 464 465 466 469 470 471 474 475 476
246: 408 409 410 411 412 413 414 415 416 417 418 419 420 421 422 423 424 425 426 427 428 436 437 429 431 432 430 433 434 435 438 439 440 441 442 443 444 445 446 447 448 477 478 449 450 451 452 453 454 472 473 455 456 457 458 459 460 461 467 468 462 463 464 465 466 469 470 471 474 475 476 479 480 481
247: 408 409 410 411 412 413 414 415 416 417 418 419 420 482 421 422 423 424 425 426 427 428 436 437 429 431 432 430 433 434 435 438 439 440 483 484 485 486
228: 409 487 488
248: 409 487 488 489 490 491 492
249: 408 409 410 411 412 413 414 415 416 417 418 419 420 482 421 422 423 424 425 426 427 428 436 437 429 431 432 430 433 434 435 438 439 440 483 484 485 486 487 488 489 490 491 492 493 494 495 496 497 498 499
250: 408 409 410 411 412 413 414 415 416 417 418 419 420 482 421 422 423 424 425 426 427 428 436 437 429 431 432 430 433 434 435 438 439 440 483 484 485 486 487 488 489 490 491 492 493 494 495 496 497 498 499 500 501 502 503
251: 504 408 409 410 411 412 413 414 415 416 417 418 419 420 421 422 423 424 425 426 427 428 436 437 429 431 432 430 433 434 435 438 439 440 441 442 443 444 445 446 447 448 477 478 449 450 451 452 453 454 472 473 455 456 457 458 459 460 461 467 468 462 463 464 465 466 469 470 471 474 475 476 479 480 481 482 483 484 485 486 487 488 489 490 491 492 493 494 495 496 497 498 499 500 501 502 503 505 506 507 508
252: 298 299 300 301 302 297 303 304 305 306 307 318 319 320 321 322 323 324 325 326 327 328 329 334 335 330 331 332 333 336 337 338 339 367 368 369 370 371 372 373 509
253: 510
254: 511
255: 512
256: 511 513 514 512 515 516 517
257: 518 519 520
258: 511 513 514 512 515 516 517 518 519 520 521 522 523 524 525 526 527
263: 528
260: 529 530 531
262: 529 530 531 532 533 534
264: 528 535 536 529 530 531 532 533 534 537 538 539
265: 511 513 514 512 515 516 517 518 519 520 521 522 523 524 525 526 527 528 535 536 529 530 531 532 533 534 537 538 539 540 541 542 543 544 545 546
266: 528 529 530 531 532 533 534 535 547 548 549 550 551 552
259: 530
261: 529 530 531 532 533
267: 553 554 555
268: 553 554 555 529 530 531 532 533 556 557 558
269: 559
270: 560
271: 559 561 562 560 563 564 565
272: 553 554 555 529 530 531 532 533 556 557 558 566 567 559 561 562 560 563 564 565 568 569 570
273: 528 529 530 531 532 533 534 535 547 548 549 550 551 552 571 572 553 554 555 556 557 558 566 567 559 561 562 560 563 564 565 568 569 570 573 574 575
274: 576
275: 576 510 511 513 514 512 515 516 517 518 519 520 521 522 523 524 525 526 527 528 535 536 529 530 531 532 533 534 537 538 539 540 541 542 543 544 545 546 577 547 548 549 550 551 552 571 572 553 554 555 556 557 558 566 567 559 561 562 560 563 564 565 568 569 570 573 574 575 578 579 580 581
277: 421 422 423 424 425 426 427 428 429 431 432 430 433 434 435 436 449 450 451 452 453 454 455 456 457 458 459 460 461 467 468 462 463 464 465 466 469 470 471 472 582 583 584 585 586 587
278: 430 429 431 455 456 457 458 459 460 461 462 463 464 465 466 467 588 589 590 591 592 593
279: 594 595
280: 596 597 598 599 600
281: 596 597 598 599 600 594 595 601 602 603
282: 604
283: 605 606 604 607 608 609
284: 596 597 598 599 600 594 595 601 602 603 610 611 605 606 604 607 608 609 612 613 614
285: 430 429 431 455 456 457 458 459 460 461 462 463 464 465 466 467 588 589 590 591 592 593 615 616 596 597 598 599 600 594 595 601 602 603 610 611 605 606 604 607 608 609 612 613 614 617 618 619
286: 430 429 431 455 456 457 458 459 460 461 462 463 464 465 466 467 588 589 590 591 592 593 615 616 596 597 598 599 600 594 595 601 602 603 610 611 605 606 604 607 608 609 612 613 614 617 618 619 421 422 423 424 425 426 427 428 432 433 434 435 436 449 450 451 452 453 454 468 469 470 471 472 582 583 584 585 586 587 620 621 622
276: 408 409 410 411 412 413 414 415 416 417 418 419 420 421 422 423 424 425 426 427 428 436 437 429 431 432 430 433 434 435 438 439 440 441 442 443 444 445 446 447 448 477 623 624 625
287: 421 422 423 424 425 426 427 428 429 431 432 430 433 434 435 436 449 450 451 452 453 454 455 456 457 458 459 460 461 467 468 462 463 464 465 466 469 470 471 472 582 583 584 585 586 587 626 627 628
288: 430 429 431 455 456 457 458 459 460 461 462 463 464 465 466 467 588 589 590 591 592 593 615 616 596 597 598 599 600 594 595 601 602 603 610 611 605 606 604 607 608 609 612 613 614 617 618 619 421 422 423 424 425 426 427 428 432 433 434 435 436 449 450 451 452 453 454 468 469 470 471 472 582 583 584 585 586 587 620 621 622 626 627 628 473 474 475 476 408 409 410 411 412 413 414 415 416 417 418 419 420 437 438 439 440 441 442 443 444 445 446 447 448 477 623 624 625 629 630 631 632 633
289: 634 635 636 637 638
290: 640 639 641 642
291: 643 644 645
292: 643 644 645 646
293: 640 639 641 642 647 648 643 644 645 646 649 650 651
294: 634 635 636 637 638 640 639 641 642 647 648 643 644 645 646 649 650 651 652 653 654
295: 655 656 657 658 659
296: 640 639 641 642 643 644 645 646 647 660 661 662 663 664 665
----------------------------------------

【xag】
341: 1077 378 379 380 381 367 368 370 371 372 375 408 407 409 410 412 414 415 417 420 421 423 424 427 384 386 388 389 391 346 349 351 352 353 338 339 340 341 343 365 337 366 431 430 432 433 435 437 438 440 1078 394 395 397 398 401 356 358 360 363 362 364 405 404 406 1079 336 1080 1003 1004 1005 1008 1010 1013 628 1016 1018 1019 1067 1070 1072 1073 1074 1082 1081 1083 1023 1022 1024 1025 1028 1029 1030 1031 1033 1046 1036 1039 1041 1042 1043 1049 1050 1052 1054 1057 1060 1062 1063 1064 1084 1085 1086
340: 1077 378 379 380 381 367 368 370 371 372 375 408 407 409 410 412 414 415 417 420 421 423 424 427 384 386 388 389 391 346 349 351 352 353 338 339 340 341 343 365 337 366 431 430 432 433 435 437 438 440 1078 394 395 397 398 401 356 358 360 363 362 364 405 404 406 1079 336 1080 1003 1004 1005 1008 1010 1013 628 1016 1018 1019 1067 1070 1072 1073 1074 1082 1081 1083
339: 1077 378 379 380 381 367 368 370 371 372 375 408 407 409 410 412 414 415 417 420 421 423 424 427 384 386 388 389 391 346 349 351 352 353 338 339 340 341 343 365 337 366 431 430 432 433 435 437 438 440 1078 394 395 397 398 401 356 358 360 363 362 364 405 404 406 1079 336 1080
338: 1077 378 379 380 381 367 368 370 371 372 375 408 407 409 410 412 414 415 417 420 421 423 424 427 384 386 388 389 391 346 349 351 352 353 338 339 340 341 343 365 337 366 431 430 432 433 435 437 438 440 1078
337: 1003 1004 1005 1008 1010 1013 378 379 380 381 367 368 370 371 372 375 408 407 409 410 412 414 415 417 420 421 423 424 427 628 1016 1018 1019 1067 1070 1072 1073 1074
336: 378 379 380 381 367 368 370 371 372 375 408 407 409 410 412 414 415 417 420 421 423 424 427 628 1016 1018 1019 1003 1004 1005 1008 1010 1013 1023 1022 1024 1025 1028 1029 1030 1031 1033 1046 1036 1039 1041 1042 1043 1049 1050 1052 1054 1057 1060 1062 1063 1064
335: 1025 1028 1029 1003 1030 1031 1033 1046 1036 1039 1041 1042 1043 1049 1050 1052 1054
334: 1036 1039 1041 1042 1043
333: 1025 1028 1029 1003 1030 1031 1033
332: 1025 1028 1029
328: 1025
331: 378 379 380 381 367 368 370 371 372 375 408 407 409 410 412 414 415 417 420 421 423 424 427 628 1016 1018 1019 1003 1004 1005 1008 1010 1013 1023 1022 1024
330: 378 379 380 381 367 368 370 371 372 375 408 407 409 410 412 414 415 417 420 421 423 424 427 628 1016 1018 1019
224: 378 379 380 381 367 368 370 371 372 375 408 407 409 410 412 414 415 417 420 421 423 424 427 628 1016
329: 1003 1004 1005 1008 1010 1013
327: 1003
326: 1000 999 1001 1002
325: 999
324: 990 991 988 913 916 918 919 920 946 945 947 948 949 950 951 952 955 957 959 960 962 965 966 968 969 972 923 925 927 928 930 904 905 907 908 910 911 912 976 975 977 978 979 981 982 985 989 993 994 943 933 935 937 938 940 944 995 996 997
323: 990 991 988 913 916 918 919 920 946 945 947 948 949 950 951 952 955 957 959 960 962 965 966 968 969 972 923 925 927 928 930 904 905 907 908 910 911 912 976 975 977 978 979 981 982 985 989 993 994
322: 988 913 916 918 919 920 946 945 947 948 949 950 951 952 955 957 959 960 962 965 966 968 969 972 923 925 927 928 930 904 905 907 908 910 911 912 976 975 977 978 979 981 982 985 989
321: 913 916 918 919 920 946 945 947 948 949 950 951 952 955 957 959 960 962 965 966 968 969 972 923 925 927 928 930 904 905 907 908 910 911 912 976 975 977 978 979 981 982 985
320: 913 916 918 919 920 923 925 927 928 930 904 905 907 908 910 911 912 976 975 977
319: 913 916 918 919 920 946 945 947 948 949 950 951 952 955 957 959 960 962 965 966 968 969 972
318: 948 949 950 951 952 955 957 959 960 962
317: 949 950 951 952
316: 949 950
315: 948
314: 913 916 918 919 920 946 945 947
313: 943 904 905 907 908 910 911 912 913 916 918 919 920 923 925 927 928 930 933 935 937 938 940 944
312: 904 905 907 908 910 911 912 913 916 918 919 920 923 925 927 928 930 933 935 937 938 940
311: 913 916 918 919 920 923 925 927 928 930
310: 913 916 918 919 920
309: 904 905 907 908 910 911 912
308: 904 905 907
307: 824 826 828 831 818 819 820 823 848 847 849 850 852 854 855 856 858 861 862 863 864 867 869 870 873 875 877 880 882 883 884 845 844 846 897 887 891 888 890 892 893 896 898 833 836 838 839 840 814 815 816 843 899 900 901
306: 824 826 828 831 818 819 820 823 848 847 849 850 852 854 855 856 858 861 862 863 864 867 869 870 873 875 877 880 882 883 884 845 844 846 897 887 891 888 890 892 893 896 898
305: 887 891 888 890 892 893 896
304: 888 890
303: 887
302: 824 826 828 831 818 819 820 823 848 847 849 850 852 854 855 856 858 861 862 863 864 867 869 870 873 875 877 880 882 883 884
301: 850 852 854 855 856 858 861 862 863 864 867 869 870 873 875
300: 861 862 863 864
299: 861 862
298: 850 852 854 855 856 858
227: 336 346 349 351 352 353 338 339 340 341 343 365 337 366 367 368 370 371 372 375 378 379 380 381 384 386 388 389 391 394 395 397 398 401 356 358 360 363 362 364 405 404 406 475 469 467 463 453 455 457 458 460 466 468 470 443 444 446 447 450 471 472 473 408 407 409 410 412 414 415 417 420 421 423 424 427 431 430 432 433 435 437 438 440 478 479 480 483
218: 469 467 463 337 338 339 340 341 343 346 349 351 352 353 356 358 360 453 455 457 458 460 466 468 470 363 362 364 365 366 367 368 370 371 372 375 378 379 380 381 384 386 388 389 391 394 395 397 398 401 443 444 446 447 450 471 472 473
217: 469 467 463 337 338 339 340 341 343 346 349 351 352 353 356 358 360 453 455 457 458 460 466 468 470
216: 467 463 337 338 339 340 341 343 346 349 351 352 353 356 358 360 453 455 457 458 460 466 468
215: 463 337 338 339 340 341 343 346 349 351 352 353 356 358 360 453 455 457 458 460 466
214: 337 338 339 340 341 343 346 349 351 352 353 356 358 360 453 455 457 458 460
213: 337 338 339 340 341 343 346 349 351 352 353 356 358 360 363 362 364 365 366 367 368 370 371 372 375 378 379 380 381 384 386 388 389 391 394 395 397 398 401 443 444 446 447 450
226: 378 379 380 381 367 368 370 371 372 375 408 407 409 410 412 414 415 417 420 421 423 424 427 384 386 388 389 391 346 349 351 352 353 338 339 340 341 343 365 337 366 431 430 432 433 435 437 438 440
225: 367 368 370 371 372 375 378 379 380 381 384 386 388 389 391 346 349 351 352 353 338 339 340 341 343 365 337 366 431 430 432
223: 378 379 380 381 367 368 370 371 372 375 408 407 409 410 412 414 415 417 420 421 423 424 427
222: 410 412 414 415 417
221: 378 379 380 381 367 368 370 371 372 375 408 407 409
220: 346 349 351 352 353 338 339 340 341 343 365 337 366 367 368 370 371 372 375 378 379 380 381 384 386 388 389 391 394 395 397 398 401 356 358 360 363 362 364 405 404 406
212: 346 349 351 352 353 338 339 340 341 343 365 337 366 367 368 370 371 372 375 378 379 380 381 384 386 388 389 391 394 395 397 398 401
211: 367 368 370 371 372 375 378 379 380 381 384 386 388 389 391
210: 378 379 380 381
209: 378 379
208: 367 368 370 371 372 375
207: 367 368 370
206: 346 349 351 352 353 338 339 340 341 343 365 337 366
205: 337 338 339 340 341 343 346 349 351 352 353 356 358 360 363 362 364
204: 337 338 339 340 341 343 346 349 351 352 353 356 358 360
201: 346 349 351 352 353
203: 338 339 340 341 343
202: 338 339
200: 337
219: 336
199: 335
181: 226 227 229 230 231 234
180: 226 227 229
182: 220 221
178: 179 180 181 182 185 187 188 189 192 193 195 196 199 171 172 173 174 176 218 217 219
177: 212 214 171 172 173 174 176 179 180 181 182 185 187 188 189 192 193 195 196 199 202 204 206 207 209 216
176: 171 172 173 174 176 179 180 181 182 185 187 188 189 192 193 195 196 199 202 204 206 207 209
173: 179 180 181 182 185 187 188 189 192 193 195 196 199
172: 182 185 187 188 189
230: 488 491 492 494 496
171: 179 180 181
175: 171 172 173 174 176
174: 171 172
183: 220 221 222 223
229: 486 485 487
170: 169 170
297: 850 852 854
184: 220 221 222 223 226 227 229 230 231 234 237 239 241 242 244
179: 182 185 187 188 189 179 180 181 248 247 249
185: 220 221 222 223 226 227 229 230 231 234 237 239 241 242 244 182 185 187 188 189 179 180 181 248 247 249 250 252 254 255 257
186: 179 180 181 182 185 187 188 189 192 193 195 196 199 171 172 173 174 176 218 217 219 220 221 222 223 226 227 229 230 231 234 237 239 241 242 244 248 247 249 250 252 254 255 257 260 261 263 264 267
187: 270 179 180 181 182 185 187 188 189 192 193 195 196 199 171 172 173 174 176 218 217 219 220 221 222 223 226 227 229 230 231 234 237 239 241 242 244 248 247 249 250 252 254 255 257 260 261 263 264 267 271
188: 270 179 180 181 182 185 187 188 189 192 193 195 196 199 171 172 173 174 176 218 217 219 220 221 222 223 226 227 229 230 231 234 237 239 241 242 244 248 247 249 250 252 254 255 257 260 261 263 264 267 271 212 214 202 204 206 207 209 216 273 272 274
189: 220 221 222 223 275 226 227 229 230 231 234 276 277
190: 220 221 222 223 275 226 227 229 230 231 234 276 277 279 280 281
191: 284 287 289 290 291
192: 220 221 222 223 275 226 227 229 230 231 234 276 277 279 280 281 284 287 289 290 291 294 296 298 299 301
193: 182 185 187 188 189 179 180 181 248 247 249 220 221 222 223 226 227 229 230 231 234 237 239 241 242 244 305 304 306
194: 220 221 222 223 275 226 227 229 230 231 234 276 277 279 280 281 284 287 289 290 291 294 296 298 299 301 182 185 187 188 189 179 180 181 248 247 249 237 239 241 242 244 305 304 306 307 308 310 311 314
195: 220 221 222 223 226 227 229 230 231 234 237 239 241 242 244 182 185 187 188 189 179 180 181 248 247 249 250 252 254 255 257 192 193 195 196 199 171 172 173 174 176 218 217 219 318 317 319
196: 220 221 222 223 275 226 227 229 230 231 234 276 277 279 280 281 284 287 289 290 291 294 296 298 299 301 182 185 187 188 189 179 180 181 248 247 249 237 239 241 242 244 305 304 306 307 308 310 311 314 250 252 254 255 257 192 193 195 196 199 171 172 173 174 176 218 217 219 318 317 319 320 322 324 325 327
197: 220 221 222 223 275 226 227 229 230 231 234 276 277 279 280 281 284 287 289 290 291 294 296 298 299 301 182 185 187 188 189 179 180 181 248 247 249 237 239 241 242 244 305 304 306 307 308 310 311 314 250 252 254 255 257 192 193 195 196 199 171 172 173 174 176 218 217 219 318 317 319 320 322 324 325 327 330 331
198: 220 221 222 223 275 226 227 229 230 231 234 276 277 279 280 281 284 287 289 290 291 294 296 298 299 301 182 185 187 188 189 179 180 181 248 247 249 237 239 241 242 244 305 304 306 307 308 310 311 314 250 252 254 255 257 192 193 195 196 199 171 172 173 174 176 218 217 219 318 317 319 320 322 324 325 327 330 331 270 260 261 263 264 267 271 212 214 202 204 206 207 209 216 273 272 274 169 170 333 334
231: 488 491 492 494 496 486 485 487 499
233: 500 501
232: 503 504 505
234: 503 504 505 500 501 506 507 510
235: 512
236: 513
237: 512 513 514 516 519 521 523
238: 503 504 505 500 501 506 507 510 512 513 514 516 519 521 523 526 528 530 531 533
239: 488 491 492 494 496 486 485 487 499 503 504 505 500 501 506 507 510 512 513 514 516 519 521 523 526 528 530 531 533 536 539 542 544 545
240: 512 513 514 516 519 521 523 503 504 505 500 501 506 507 510 547 546 548
241: 513 549 512 552 553
242: 513 549 512 552 553 555 556 557
243: 560 563 564 566 568
244: 513 549 512 552 553 555 556 557 560 563 564 566 568 571 574 576 577 578
245: 512 513 514 516 519 521 523 503 504 505 500 501 506 507 510 547 546 548 549 552 553 555 556 557 560 563 564 566 568 571 574 576 577 578 581 582 584 585 588
246: 488 491 492 494 496 486 485 487 499 503 504 505 500 501 506 507 510 512 513 514 516 519 521 523 526 528 530 531 533 536 539 542 544 545 547 546 548 549 552 553 555 556 557 560 563 564 566 568 571 574 576 577 578 581 582 584 585 588 591 592 594 595 598
247: 488 491 492 494 496 486 485 487 499 601 503 504 505 500 501 506 507 510 512 513 514 516 519 521 523 526 528 530 531 533 604 605 607 609
228: 485 486 612
248: 485 486 612 613 614 616 617
249: 485 486 612 613 614 616 617 488 491 492 494 496 487 499 601 503 504 505 500 501 506 507 510 512 513 514 516 519 521 523 526 528 530 531 533 604 605 607 609 619 618 620
250: 621 485 486 612 613 614 616 617 488 491 492 494 496 487 499 601 503 504 505 500 501 506 507 510 512 513 514 516 519 521 523 526 528 530 531 533 604 605 607 609 619 618 620 622
251: 621 485 486 612 613 614 616 617 488 491 492 494 496 487 499 601 503 504 505 500 501 506 507 510 512 513 514 516 519 521 523 526 528 530 531 533 604 605 607 609 619 618 620 622 536 539 542 544 545 547 546 548 549 552 553 555 556 557 560 563 564 566 568 571 574 576 577 578 581 582 584 585 588 591 592 594 595 598 623 624 625
252: 367 368 370 371 372 375 378 379 380 381 384 386 388 389 391 346 349 351 352 353 338 339 340 341 343 365 337 366 431 430 432 628 629
253: 631
254: 632
255: 635
256: 632 635 636 638 640 641 643
257: 646 647 648
258: 646 647 648 632 635 636 638 640 641 643 652 651 653
263: 654
260: 655 656 659
262: 655 656 659 662 663 666
264: 654 655 656 659 662 663 666 668 670 672 673 675
265: 654 655 656 659 662 663 666 668 670 672 673 675 646 647 648 632 635 636 638 640 641 643 652 651 653 679 678 680
266: 655 656 659 662 663 666 654 682 681 683
259: 656
261: 655 656 659 662 663
267: 684 685 687
268: 684 685 687 655 656 659 662 663 688 690 692
269: 695
270: 698
271: 695 698 699 702 705 707 708
272: 684 685 687 655 656 659 662 663 688 690 692 695 698 699 702 705 707 708 711 713 715 716 718
273: 655 656 659 662 663 666 654 682 681 683 684 685 687 688 690 692 695 698 699 702 705 707 708 711 713 715 716 718 721 722 724 725 728
274: 731
275: 631 654 655 656 659 662 663 666 668 670 672 673 675 646 647 648 632 635 636 638 640 641 643 652 651 653 679 678 680 732 731 682 681 683 684 685 687 688 690 692 695 698 699 702 705 707 708 711 713 715 716 718 721 722 724 725 728 733 734 736 738
277: 513 549 512 552 553 555 556 557 560 563 564 566 568 571 574 576 577 578 514 516 519 521 523 503 504 505 500 501 506 507 510 547 546 548 741 740 742
278: 560 563 564 566 568 513 549 512 552 553 555 556 557 744 743 745
279: 746 748
280: 750 752 754 755
281: 750 752 754 755 746 748 757 758 761
282: 764
283: 764 765 766 769 771 774
284: 750 752 754 755 746 748 757 758 761 764 765 766 769 771 774 777 780 782 783 784
285: 560 563 564 566 568 513 549 512 552 553 555 556 557 744 743 745 750 752 754 755 746 748 757 758 761 764 765 766 769 771 774 777 780 782 783 784 787 789 791 792 794
286: 560 563 564 566 568 513 549 512 552 553 555 556 557 744 743 745 750 752 754 755 746 748 757 758 761 764 765 766 769 771 774 777 780 782 783 784 787 789 791 792 794 571 574 576 577 578 514 516 519 521 523 503 504 505 500 501 506 507 510 547 546 548 741 740 742 797 798 799
276: 801 488 491 492 494 496 486 485 487 499 503 504 505 500 501 506 507 510 512 513 514 516 519 521 523 526 528 530 531 533 536 539 542 544 545 802
287: 513 549 512 552 553 555 556 557 560 563 564 566 568 571 574 576 577 578 514 516 519 521 523 503 504 505 500 501 506 507 510 547 546 548 741 740 742 803 806 808
288: 801 488 491 492 494 496 486 485 487 499 503 504 505 500 501 506 507 510 512 513 514 516 519 521 523 526 528 530 531 533 536 539 542 544 545 802 547 546 548 549 552 553 555 556 557 560 563 564 566 568 571 574 576 577 578 581 582 584 585 588 809 744 743 745 750 752 754 755 746 748 757 758 761 764 765 766 769 771 774 777 780 782 783 784 787 789 791 792 794 741 740 742 797 798 799 803 806 808 810 812
289: 814 815 816
290: 818 819 820 823
291: 824 826 828
292: 824 826 828 831
293: 818 819 820 823 824 826 828 831 833 836 838 839 840
294: 818 819 820 823 824 826 828 831 833 836 838 839 840 814 815 816 843
295: 845 844 846
296: 824 826 828 831 818 819 820 823 848 847 849
----------------------------------------

【mig】
341: 774 775 777 292 311 313 314 316 317 319 320 321 322 324 336 338 340 342 343 345 346 778 779 780 781 783 784 786 788 796 797 798 790 791 793 794 800 802 803 804 806 285 293 286 287 288 289 290 294 295 297 299 300 301 303 305 307 309 325 326 327 329 330 332 334 284 808 347 349 351 352 809 810 811 813 815 817 819 820 821 823 825 826 828
340: 774 775 777 292 311 313 314 316 317 319 320 321 322 324 336 338 340 342 343 345 346 778 779 780 781 783 806 285 293 286 287 288 289 290 294 295 297 299 300 301 303 305 307 309 325 326 327 329 330 332 334 284 808 347 349 351 352 809 810 811 813 815 817 819 820 821 823
339: 285 292 293 286 287 288 289 290 294 295 297 299 300 301 303 305 307 309 311 313 314 316 317 319 320 321 322 324 325 326 327 329 330 332 334 284 808 336 338 340 342 343 345 346 347 349 351 352 809 810 811 813 815 817
338: 808 292 311 313 314 316 317 319 320 321 322 324 336 338 340 342 343 345 346 286 287 288 289 290 285 293 305 307 309 325 326 327 347 349 351 352 809 810 811
337: 774 775 777 292 311 313 314 316 317 319 320 321 322 324 336 338 340 342 343 345 346 778 779 780 781 783 806
336: 774 775 777 292 311 313 314 316 317 319 320 321 322 324 336 338 340 342 343 345 346 778 779 780 781 783 784 786 788 796 797 798 790 791 793 794 800 802 803 804
335: 796 797 798 774 775 777 790 791 793 794 800 802
334: 796 797
333: 774 775 777 790 791 793 794
332: 775 790 791
328: 775
331: 774 775 777 292 311 313 314 316 317 319 320 321 322 324 336 338 340 342 343 345 346 778 779 780 781 783 784 786 788
330: 292 311 313 314 316 317 319 320 321 322 324 336 338 340 342 343 345 346 778 779 780 781
224: 292 311 313 314 316 317 319 320 321 322 324 336 338 340 342 343 345 346 778 779
329: 774 775 777
327: 774
326: 767 768 769 771 773
325: 767
324: 717 703 699 700 702 705 707 709 711 712 713 714 715 716 718 720 722 751 744 724 726 728 729 730 731 732 734 735 736 737 738 740 742 743 745 747 749 753 755 757 759 761 763 764 765
323: 751 744 711 712 713 714 724 726 728 729 730 731 732 734 735 736 737 703 699 700 702 705 707 709 715 716 738 740 742 743 745 747 749 753 755 757 759
322: 744 711 712 713 714 724 726 728 729 730 731 732 734 735 736 737 703 699 700 702 705 707 709 715 716 738 740 742 743 745 747 749
321: 711 712 713 714 724 726 728 729 730 731 732 734 735 736 737 703 699 700 702 705 707 709 715 716 738 740 742 743
320: 703 699 700 702 705 707 709 711 712 713 714 715 716 738 740
319: 711 712 713 714 724 726 728 729 730 731 732 734 735 736 737
318: 728 729 730 731 732 734 735
317: 729 730 731 732
316: 729 730
315: 728
314: 711 712 713 714 724 726
313: 717 703 699 700 702 705 707 709 711 712 713 714 715 716 718 720 722
312: 703 699 700 702 705 707 709 711 712 713 714 715 716
311: 711 712 713 714
310: 711 712
309: 703 699 700 702 705 707 709
308: 699 700 702
307: 618 619 620 622 624 626 627 629 631 632 634 636 637 638 640 642 643 677 678 680 681 683 684 686 645 647 648 650 651 653 654 656 658 659 661 662 663 664 666 667 668 669 671 673 674 675 688 689 691 693 695 696 697
306: 677 678 680 681 683 684 686 645 647 648 650 651 624 626 627 629 631 632 634 636 637 653 654 656 658 659 661 662 663 664 666 667 668 669 671 673 674 675 688 689 691
305: 677 678 680 681 683 684 686
304: 678 680
303: 677
302: 624 626 627 629 631 632 634 636 637 653 654 656 658 659 661 662 663 664 666 667 668 669 671 673 674 675
301: 658 659 661 662 663 664 666 667 668 669 671 673
300: 666 667 668 669
299: 666 667
298: 658 659 661 662 663 664
227: 285 292 293 286 287 288 289 290 294 295 297 299 300 301 303 305 307 309 311 313 314 316 317 319 320 321 322 324 325 326 327 329 330 369 364 356 354 358 360 362 365 366 367 370 372 374 376 378 379 381 284 332 334 336 338 340 342 343 345 346 347 349 351 352 383 385
218: 285 292 293 286 287 288 289 290 294 295 297 299 300 301 303 305 307 309 311 313 314 316 317 319 320 321 322 324 325 326 327 329 330 369 364 356 354 358 360 362 365 366 367 370 372 374 376 378 379 381
217: 369 364 356 285 292 293 286 287 288 289 290 294 295 297 299 354 358 360 362 365 366 367 370 372 374
216: 364 356 285 292 293 286 287 288 289 290 294 295 297 299 354 358 360 362 365 366 367
215: 356 285 292 293 286 287 288 289 290 294 295 297 299 354 358 360 362
214: 285 292 293 286 287 288 289 290 294 295 297 299 354
213: 285 292 293 286 287 288 289 290 294 295 297 299 300 301 303 305 307 309 311 313 314 316 317 319 320 321 322 324 325 326 327 329 330
226: 292 311 313 314 316 317 319 320 321 322 324 336 338 340 342 343 345 346 286 287 288 289 290 285 293 305 307 309 325 326 327 347 349 351 352
225: 286 287 288 289 290 285 292 293 305 307 309 311 313 314 316 317 319 320 321 322 324 325 326 327 347 349
223: 292 311 313 314 316 317 319 320 321 322 324 336 338 340 342 343 345 346
222: 342 343
221: 292 311 313 314 316 317 319 320 321 322 324 336 338 340
220: 285 292 293 286 287 288 289 290 294 295 297 299 300 301 303 305 307 309 311 313 314 316 317 319 320 321 322 324 325 326 327 329 330 332 334
212: 286 287 288 289 290 285 292 293 305 307 309 311 313 314 316 317 319 320 321 322 324 325 326 327
211: 292 311 313 314 316 317 319 320 321 322 324 325
210: 319 320 321 322
209: 319 320
208: 292 311 313 314 316 317
207: 292 311 313
206: 286 287 288 289 290 285 292 293 305 307 309
205: 285 292 293 286 287 288 289 290 294 295 297 299 300 301 303
204: 285 292 293 286 287 288 289 290 294 295 297
201: 292 293
203: 286 287 288 289 290
202: 286 287
200: 285
219: 284
199: 283
181: 186 211 213 214 216 217
180: 186 211 213
182: 206 207
178: 175 176 177 178 179 181 182 184 186 187 188 189 191 192 202 204
177: 175 176 177 178 179 181 182 184 186 187 188 189 191 192 194 196 198 199 200
176: 175 176 177 178 179 181 182 184 186 187 188 189 191 192
173: 181 182 184 186 187 188 189
172: 186 187
230: 394 396 398
171: 181 182 184
175: 175 176 177 178 179
174: 175 176
183: 206 207 208 209
229: 386 388 389 391 392
170: 169 170 172 173
297: 658 659 661
184: 206 207 208 209 186 211 213 214 216 217 219 220
179: 181 182 184 186 187 188 221 222 224
185: 206 207 208 209 186 211 213 214 216 217 219 220 181 182 184 187 188 221 222 224 226 227
186: 175 176 177 178 179 181 182 184 186 187 188 189 191 192 202 204 206 207 208 209 211 213 214 216 217 219 220 221 222 224 226 227 229 230
187: 232 175 176 177 178 179 181 182 184 186 187 188 189 191 192 202 204 206 207 208 209 211 213 214 216 217 219 220 221 222 224 226 227 229 230 233 234 235
188: 175 176 177 178 179 181 182 184 186 187 188 189 191 192 194 196 198 199 200 232 202 204 206 207 208 209 211 213 214 216 217 219 220 221 222 224 226 227 229 230 233 234 235 237 238 240 242
189: 186 211 213 214 216 217 219 244 206 207 208 209 246 248
190: 186 211 213 214 216 217 219 244 206 207 208 209 246 248 249 250 251
191: 253 254
192: 186 211 213 214 216 217 219 244 206 207 208 209 246 248 249 250 251 253 254 255 256
193: 206 207 208 209 186 211 213 214 216 217 219 220 181 182 184 187 188 221 222 224 226 258 260 262
194: 186 211 213 214 216 217 219 244 206 207 208 209 246 248 249 250 251 253 254 255 256 220 181 182 184 187 188 221 222 224 226 258 260 262 264 265
195: 175 176 177 178 179 181 182 184 186 187 188 189 191 192 202 204 206 207 208 209 211 213 214 216 217 219 220 221 222 224 226 227 229 267 269 271
196: 186 211 213 214 216 217 219 244 206 207 208 209 246 248 249 250 251 253 254 255 256 220 181 182 184 187 188 221 222 224 226 258 260 262 264 265 175 176 177 178 179 189 191 192 202 204 227 229 267 269 271 273 274
197: 186 211 213 214 216 217 219 244 206 207 208 209 246 248 249 250 251 253 254 255 256 220 181 182 184 187 188 221 222 224 226 258 260 262 264 265 175 176 177 178 179 189 191 192 202 204 227 229 267 269 271 273 274 276 277
198: 169 170 172 173 175 176 177 178 179 181 182 184 186 187 188 189 191 192 194 196 198 199 200 232 202 204 206 207 208 209 211 213 214 216 217 219 220 221 222 224 226 227 229 230 233 234 235 237 238 240 242 278 244 246 248 249 250 251 253 254 255 256 258 260 262 264 265 267 269 271 273 274 276 277 280 282
231: 386 388 389 391 392 394 396 398 400 402 403
233: 405 406
232: 407 408 410
234: 405 406 407 408 410 411 413 414
235: 416
236: 417
237: 416 417 418 420
238: 405 406 407 408 410 411 413 414 416 417 418 420 422 423
239: 425 386 388 389 391 392 394 396 398 400 402 403 405 406 407 408 410 411 413 414 416 417 418 420 422 423 426 428 430 432
240: 405 406 407 408 410 411 413 414 416 417 418 420 422 434 436 438
241: 416 418 440 417 442 444
242: 416 418 440 417 442 444 446 447 449
243: 451 453 455
244: 416 418 440 417 442 444 446 447 449 451 453 455 457 458
245: 405 406 407 408 410 411 413 414 416 417 418 420 422 434 436 438 440 442 444 446 447 449 451 453 455 457 458 459 460
246: 425 386 388 389 391 392 394 396 398 400 402 403 405 406 407 408 410 411 413 414 416 417 418 420 422 423 426 428 430 432 434 436 438 440 442 444 446 447 449 451 453 455 457 458 459 460 461 462
247: 405 406 407 408 410 411 413 414 416 417 418 420 422 423 464 386 388 389 391 392 394 396 398 400 402 403 466 468
228: 388 470 472
248: 388 470 472 473 474 475 477
249: 405 406 407 408 410 411 413 414 416 417 418 420 422 423 464 386 388 389 391 392 394 396 398 400 402 403 466 468 470 472 473 474 475 477 479 480 482 484
250: 486 405 406 407 408 410 411 413 414 416 417 418 420 422 423 464 386 388 389 391 392 394 396 398 400 402 403 466 468 470 472 473 474 475 477 479 480 482 484 487 488 489
251: 425 386 388 389 391 392 394 396 398 400 402 403 405 406 407 408 410 411 413 414 416 417 418 420 422 423 426 428 430 432 434 436 438 440 442 444 446 447 449 451 453 455 457 458 459 460 461 462 486 464 466 468 470 472 473 474 475 477 479 480 482 484 487 488 489 491 493 494 495
252: 286 287 288 289 290 285 292 293 305 307 309 311 313 314 316 317 319 320 321 322 324 325 326 327 347 349 351 497
253: 499
254: 500
255: 502
256: 500 502 503 504
257: 506 507 509
258: 500 502 503 504 506 507 509 510 511 513 515
263: 517
260: 518 519 520
262: 518 519 520 522 523 524
264: 517 518 519 520 522 523 524 525 526
265: 500 502 503 504 506 507 509 510 511 513 515 517 518 519 520 522 523 524 525 526 528 529 531 533
266: 517 518 519 520 522 523 524 525 535 536 538
259: 540
261: 518 519 520 542 543
267: 542 545 547
268: 518 519 520 542 543 545 547 540 548 550 552
269: 554
270: 556
271: 554 556 557 559
272: 518 519 520 542 543 545 547 540 548 550 552 554 556 557 559 561 562
273: 517 518 519 520 522 523 524 525 535 536 538 542 543 545 547 540 548 550 552 554 556 557 559 561 562 564 565
274: 567
275: 567 499 500 502 503 504 506 507 509 510 511 513 515 517 518 519 520 522 523 524 525 526 528 529 531 533 535 536 538 542 543 545 547 540 548 550 552 554 556 557 559 561 562 564 565 568 570
277: 405 406 407 408 410 411 413 414 416 417 418 420 422 434 436 438 440 442 444 446 447 449 451 453 455 457 458 459 460 571 573
278: 416 418 440 417 442 444 446 447 449 451 453 455 457 575 577 579
279: 581 583
280: 584 585 586 588
281: 581 583 584 585 586 588 590 591 592
282: 594
283: 594 595 597
284: 581 583 584 585 586 588 590 591 592 594 595 597 598 599
285: 416 418 440 417 442 444 446 447 449 451 453 455 457 575 577 579 581 583 584 585 586 588 590 591 592 594 595 597 598 599 600 601
286: 416 418 440 417 442 444 446 447 449 451 453 455 457 575 577 579 581 583 584 585 586 588 590 591 592 594 595 597 598 599 600 601 602 405 406 407 408 410 411 413 414 420 422 434 436 438 458 459 460 571 573 603 605
276: 461 425 386 388 389 391 392 394 396 398 400 402 403 405 406 407 408 410 411 413 414 416 417 418 420 422 423 426 428 430 432 606 607 608
287: 610 405 406 407 408 410 411 413 414 416 417 418 420 422 434 436 438 440 442 444 446 447 449 451 453 455 457 458 459 460 571 573 611 612
288: 405 406 407 408 410 411 413 414 416 417 418 420 422 434 436 438 440 442 444 446 447 449 451 453 455 457 458 459 460 461 425 386 388 389 391 392 394 396 398 400 402 403 423 426 428 430 432 606 607 608 610 571 573 611 612 613 575 577 579 581 583 584 585 586 588 590 591 592 594 595 597 598 599 600 601 602 603 605 615 616
289: 618 619 620 622
290: 624 626 627 629
291: 631 632 634
292: 631 632 634 636
293: 624 626 627 629 631 632 634 636 637 638
294: 618 619 620 622 624 626 627 629 631 632 634 636 637 638 640 642 643
295: 645 647 648 650 651
296: 624 626 627 629 631 632 634 636 637 653 654 656
----------------------------------------

【xmg】
341: 643 607 608 610 286 273 274 276 277 278 279 294 281 282 283 284 295 296 297 299 300 303 611 612 613 615 637 644 291 268 269 253 254 255 257 259 261 262 263 252 264 266 270 292 271 272 287 288 289 293 251 641 639 301 302 304 640 642 645 616 617 618 620 622 623 624 626 627 628 629 631 633 634 635 646 647 649
340: 643 607 608 610 286 273 274 276 277 278 279 294 281 282 283 284 295 296 297 299 300 303 611 612 613 615 637 644 291 268 269 253 254 255 257 259 261 262 263 252 264 266 270 292 271 272 287 288 289 293 251 641 639 301 302 304 640 642 645
339: 291 268 269 253 254 255 257 259 261 262 263 252 264 266 270 292 271 272 273 274 276 277 278 279 281 282 283 284 286 287 288 289 293 251 641 639 294 295 296 297 299 300 301 302 303 304 640 642
338: 639 286 273 274 276 277 278 279 294 281 282 283 284 295 296 297 299 300 288 253 254 255 257 259 252 271 261 262 272 301 287 302 303 304 640
337: 607 608 610 286 273 274 276 277 278 279 294 281 282 283 284 295 296 297 299 300 303 611 612 613 615 637
336: 615 607 608 610 616 286 273 274 276 277 278 279 294 281 282 283 284 295 296 297 299 300 303 611 612 613 617 618 620 622 623 624 626 627 628 629 631 633 634 635
335: 618 620 622 607 623 608 624 626 627 628 629 631 633
334: 627 628
333: 618 620 622 607 623 608 624 626
332: 618 620 622
328: 608
331: 615 607 608 610 616 286 273 274 276 277 278 279 294 281 282 283 284 295 296 297 299 300 303 611 612 613 617
330: 286 273 274 276 277 278 279 294 281 282 283 284 295 296 297 299 300 303 611 612 613
224: 286 273 274 276 277 278 279 294 281 282 283 284 295 296 297 299 300 303 611
329: 607 608 610
327: 607
326: 604 603 605 606
325: 603
324: 597 598 595 573 579 571 572 580 581 582 583 584 585 587 588 589 590 575 563 564 566 567 568 569 591 574 592 593 594 596 599 577 576 578 600 601 602
323: 597 598 595 573 579 571 572 580 581 582 583 584 585 587 588 589 590 575 563 564 566 567 568 569 591 574 592 593 594 596 599
322: 595 573 579 571 572 580 581 582 583 584 585 587 588 589 590 575 563 564 566 567 568 569 591 574 592 593 594 596
321: 573 579 571 572 580 581 582 583 584 585 587 588 589 590 575 563 564 566 567 568 569 591 574 592 593 594
320: 575 563 564 566 567 568 569 591 571 572 573 574 592
319: 573 579 571 572 580 581 582 583 584 585 587 588 589 590
318: 581 582 583 584 585 587 588
317: 582 583 584 585
316: 582 583
315: 581
314: 573 579 571 572 580
313: 577 563 564 566 567 568 569 571 572 573 574 575 576 578
312: 563 564 566 567 568 569 571 572 573 574 575 576
311: 571 572 573 574
310: 571 572
309: 563 564 566 567 568 569
308: 563 564 566
307: 521 512 513 514 528 516 517 518 520 529 530 532 533 535 536 538 540 541 542 543 545 547 548 549 526 525 527 558 552 553 554 551 555 556 559 522 509 510 511 524 560 561 562
306: 521 512 513 514 528 516 517 518 520 529 530 532 533 535 536 538 540 541 542 543 545 547 548 549 526 525 527 558 552 553 554 551 555 556 559
305: 552 553 554 551 555 556
304: 552 553
303: 551
302: 521 512 513 514 528 516 517 518 520 529 530 532 533 535 536 538 540 541 542 543 545 547 548 549
301: 530 532 533 535 536 538 540 541 542 543 545 547
300: 540 541 542 543
299: 540 541
298: 530 532 533 535 536 538
227: 315 313 310 253 254 255 257 259 261 262 263 252 264 266 268 308 312 314 316 269 270 271 272 273 274 276 277 278 279 281 282 283 284 286 287 288 289 291 306 317 318 319 251 292 293 294 295 296 297 299 300 301 302 303 304 321 323
218: 315 313 310 253 254 255 257 259 261 262 263 252 264 266 268 308 312 314 316 269 270 271 272 273 274 276 277 278 279 281 282 283 284 286 287 288 289 291 306 317 318 319
217: 315 313 310 253 254 255 257 259 261 262 263 252 264 266 268 308 312 314 316
216: 313 310 253 254 255 257 259 261 262 263 252 264 266 268 308 312 314
215: 310 253 254 255 257 259 261 262 263 252 264 266 268 308 312
214: 253 254 255 257 259 261 262 263 252 264 266 268 308
213: 268 269 253 254 255 257 259 261 262 263 252 264 266 270 271 272 273 274 276 277 278 279 281 282 283 284 286 287 288 289 291 306
226: 286 273 274 276 277 278 279 294 281 282 283 284 295 296 297 299 300 288 253 254 255 257 259 252 271 261 262 272 301 287 302 303 304
225: 288 253 254 255 257 259 252 271 261 262 272 301 273 274 276 277 278 279 281 282 283 284 286 287 302
223: 286 273 274 276 277 278 279 294 281 282 283 284 295 296 297 299 300
222: 296 297
221: 286 273 274 276 277 278 279 294 281 282 283 284 295
220: 291 268 269 253 254 255 257 259 261 262 263 252 264 266 270 292 271 272 273 274 276 277 278 279 281 282 283 284 286 287 288 289 293
212: 253 254 255 257 259 252 271 261 262 272 273 274 276 277 278 279 281 282 283 284 286 287 288 289
211: 273 274 276 277 278 279 281 282 283 284 286 287
210: 281 282 283 284
209: 281 282
208: 273 274 276 277 278 279
207: 273 274 276
206: 253 254 255 257 259 252 271 261 262 272
205: 268 269 253 254 255 257 259 261 262 263 252 264 266 270
204: 253 254 255 257 259 261 262 263 252 264 266
201: 261 262
203: 253 254 255 257 259
202: 253 254
200: 252
219: 251
199: 250
181: 200 201 203 204 205 206
180: 200 201 203
182: 195 196
178: 186 171 172 173 175 177 193 179 180 181 182 183 184 194
177: 189 190 171 172 173 175 177 179 180 181 182 183 184 186 187 192
176: 171 172 173 175 177 179 180 181 182 183 184 186 187
173: 179 180 181 182 183 184
172: 181 182
230: 327 329 331
171: 179 180
175: 171 172 173 175 177
174: 171 172
183: 195 196 197 198
229: 325 324 326
170: 169 170
297: 530 532 533
184: 195 196 197 198 200 201 203 204 205 206 208 209
179: 183 179 180 210 181 182 211
185: 195 196 197 198 200 201 203 204 205 206 208 209 183 179 180 210 181 182 211 212 213
186: 186 171 172 173 175 177 193 179 180 181 182 183 184 194 195 196 197 198 200 201 203 204 205 206 208 209 210 211 212 213 215 216
187: 218 186 171 172 173 175 177 193 179 180 181 182 183 184 194 195 196 197 198 200 201 203 204 205 206 208 209 210 211 212 213 215 216 219
188: 220 189 190 171 172 173 175 177 179 180 181 182 183 184 186 187 192 221 218 193 194 195 196 197 198 200 201 203 204 205 206 208 209 210 211 212 213 215 216 219 222
189: 195 196 197 198 208 200 201 203 204 205 206 223 224
190: 195 196 197 198 208 200 201 203 204 205 206 223 224 225 227 229
191: 231 232
192: 195 196 197 198 208 200 201 203 204 205 206 223 224 225 227 229 231 232 233 234
193: 212 195 196 197 198 200 201 203 204 205 206 208 209 236 183 179 180 210 181 182 211 237
194: 195 196 197 198 208 200 201 203 204 205 206 223 224 225 227 229 231 232 233 234 212 209 236 183 179 180 210 181 182 211 237 238 239
195: 215 186 171 172 173 175 177 193 179 180 181 182 183 184 194 241 195 196 197 198 200 201 203 204 205 206 208 209 210 211 212 213 242
196: 195 196 197 198 208 200 201 203 204 205 206 223 224 225 227 229 231 232 233 234 212 209 236 183 179 180 210 181 182 211 237 238 239 215 186 171 172 173 175 177 193 184 194 241 213 242 243 244
197: 195 196 197 198 208 200 201 203 204 205 206 223 224 225 227 229 231 232 233 234 212 209 236 183 179 180 210 181 182 211 237 238 239 215 186 171 172 173 175 177 193 184 194 241 213 242 243 244 246 247
198: 195 196 197 198 208 200 201 203 204 205 206 223 224 225 227 229 231 232 233 234 212 209 236 183 179 180 210 181 182 211 237 238 239 215 186 171 172 173 175 177 193 184 194 241 213 242 243 244 246 247 220 189 190 187 192 221 218 216 219 222 169 170 248 249
231: 327 329 331 325 324 326 333
233: 334 335
232: 337 338 340
234: 334 335 337 338 340 341 343 344
235: 346
236: 347
237: 346 347 348 350
238: 334 335 337 338 340 341 343 344 346 347 348 350 352 353
239: 327 329 331 325 324 326 333 334 335 337 338 340 341 343 344 346 347 348 350 352 353 355 356 357 359 361
240: 352 334 335 337 338 340 341 343 344 363 346 347 348 350 364
241: 347 348 346 365 366
242: 347 348 346 365 366 368 370 371
243: 373 375 377
244: 347 348 346 365 366 368 370 371 373 375 377 379 380
245: 352 334 335 337 338 340 341 343 344 363 346 347 348 350 364 365 366 368 370 371 373 375 377 379 380 381 382
246: 327 329 331 325 324 326 333 334 335 337 338 340 341 343 344 346 347 348 350 352 353 355 356 357 359 361 363 364 365 366 368 370 371 373 375 377 379 380 381 382 383 384
247: 327 329 331 325 324 326 333 334 335 337 338 340 341 343 344 346 347 348 350 352 353 386 388 390
228: 392 393 395
248: 392 393 395 396 397 398
249: 399 327 329 331 325 324 326 333 334 335 337 338 340 341 343 344 346 347 348 350 352 353 386 388 390 400 392 393 395 396 397 398 401
250: 402 399 327 329 331 325 324 326 333 334 335 337 338 340 341 343 344 346 347 348 350 352 353 386 388 390 400 392 393 395 396 397 398 401 403
251: 402 399 327 329 331 325 324 326 333 334 335 337 338 340 341 343 344 346 347 348 350 352 353 386 388 390 400 392 393 395 396 397 398 401 403 355 356 357 359 361 363 364 365 366 368 370 371 373 375 377 379 380 381 382 383 384 404 405 406
252: 288 253 254 255 257 259 252 271 261 262 272 301 273 274 276 277 278 279 281 282 283 284 286 287 302 407 408
253: 410
254: 411
255: 413
256: 411 413 414 415
257: 417 418 420
258: 422 411 413 414 415 423 417 418 420 424
263: 425
260: 426 427 428
262: 430 426 427 428 431 432
264: 425 430 426 427 428 431 432 433 434
265: 436 422 411 413 414 415 423 417 418 420 424 437 425 430 426 427 428 431 432 433 434 438
266: 433 425 439 430 426 427 428 431 432 440
259: 441
261: 426 427 428 443 444
267: 430 446 448
268: 430 446 448 441 449 426 427 428 443 444 451 452
269: 454
270: 456
271: 454 456 457 459
272: 430 446 448 441 449 426 427 428 443 444 451 452 454 456 457 459 461 462
273: 433 425 439 430 426 427 428 431 432 440 446 448 441 449 443 444 451 452 454 456 457 459 461 462 464 465
274: 467
275: 467 410 436 422 411 413 414 415 423 417 418 420 424 437 425 430 426 427 428 431 432 433 434 438 439 440 446 448 441 449 443 444 451 452 454 456 457 459 461 462 464 465 468 470
277: 381 352 334 335 337 338 340 341 343 344 363 346 347 348 350 364 471 365 366 368 370 371 373 375 377 379 380 472
278: 379 347 348 346 365 366 368 370 371 473 373 375 377 474
279: 475 477
280: 478 480 482 483
281: 478 480 482 483 484 475 477 485 486
282: 488
283: 488 489 491
284: 478 480 482 483 484 475 477 485 486 488 489 491 492 493
285: 379 347 348 346 365 366 368 370 371 473 373 375 377 474 478 480 482 483 484 475 477 485 486 488 489 491 492 493 494 495
286: 379 347 348 346 365 366 368 370 371 473 373 375 377 474 478 480 482 483 484 475 477 485 486 488 489 491 492 493 494 495 496 381 352 334 335 337 338 340 341 343 344 363 350 364 471 380 472 498 499
276: 383 327 329 331 325 324 326 333 334 335 337 338 340 341 343 344 346 347 348 350 352 353 355 356 357 359 361 501
287: 502 381 352 334 335 337 338 340 341 343 344 363 346 347 348 350 364 471 365 366 368 370 371 373 375 377 379 380 472 503 504
288: 379 347 348 346 365 366 368 370 371 473 373 375 377 474 478 480 482 483 484 475 477 485 486 488 489 491 492 493 494 495 496 381 352 334 335 337 338 340 341 343 344 363 350 364 471 380 472 498 499 502 503 504 383 327 329 331 325 324 326 333 353 355 356 357 359 361 501 382 505 506 508
289: 509 510 511
290: 512 513 514
291: 516 517 518
292: 516 517 518 520
293: 512 513 514 516 517 518 520 521 522
294: 512 513 514 516 517 518 520 521 522 509 510 511 524
295: 526 525 527
296: 521 512 513 514 528 516 517 518 520 529
----------------------------------------
