
【aig】
214: 384 385 386 390 391 392 393 394 395 387 388 389 396 397 398 399 400 402 403 401 404 405 406 407 408 409 410 411 412 413 430 414 415 416 417 418 419 425 420 421 422 423 424 426 427 428 429 431 432 433 434 465 466 435 436 437 438 439 440 441 442 443 444 445 446 447 448 449 450 451 452 453 454 455 456 457 458 459 460 461 462 463 464 467 468 469 470 471 472 473 474 475 476 477 480 478 479 481 482 483 484 485 486 487 488 489 490 491 492 493 494 495 496 497 498 499 500 501
213: 470 471 472 390 445 384 385 386 446 447 448 449 439 440 441 442 443 444 473 474 475 476 477 480 478 479 481 482 483 484 485 486 487 391 392 393 394 395 387 388 389 396 397 398 407 435 399 400 402 403 401 404 405 406 436 437 438 458 488 450 451 452 453 454 455 456 457 489 490 491 492 493 494 495 496 497 498
212: 384 385 386 390 391 392 393 394 395 387 388 389 396 397 398 407 435 399 400 402 403 401 404 405 406 436 437 438 458 488 439 440 441 442 443 444 445 446 447 448 449 450 451 452 453 454 455 456 457 489 490 491
211: 470 471 472 390 445 384 385 386 446 447 448 449 439 440 441 442 443 444 473 474 475 476 477 480 478 479 481 482 483 484 485 486 487
210: 470 471 472 390 445 384 385 386 446 447 448 449 439 440 441 442 443 444 473 474 475 476 477 480 478 479 481 482 483
207: 476 478 479
209: 476 477
206: 390 445 384 385 386 446 447 448 449 439 440 441 442 443 444 473 474 475
208: 470 471 472
205: 384 385 386 390 391 392 393 394 395 387 388 389 396 397 398 399 400 402 403 401 404 405 406 407 408 409 410 411 412 413 430 414 415 416 417 418 419 425 420 421 422 423 424 426 427 428 429 431 432 433 434 465 466 435 436 437 438 439 440 441 442 443 444 445 446 447 448 449 450 451 452 453 454 455 456 457 458 459 460 461 462 463 464 467 468 469
204: 384 385 386 390 391 392 393 394 395 387 388 389 396 397 398 407 435 399 400 402 403 401 404 405 406 436 437 438 439 440 441 442 443 444 445 446 447 448 449 450 451 452 453 454 455 456 457 458 459 460 461 462 463 464
203: 439 440 441 442 443 444 390 445 384 385 386 446 447 448 449 450 451 452 453 454 455 456 457
202: 390 445 384 385 386 446 447 448 449
201: 439 440 441 442 443 444
200: 439 440 441
199: 439
198: 384 385 386 390 391 392 393 394 395 387 388 389 396 397 398 407 435 399 400 402 403 401 404 405 406 436 437 438
197: 384 385 386 390 391 392 393 394 395 387 388 389 396 397 398 399 400 402 403 401 404 405 406 407 408 409 410 411 412 413 430 414 415 416 417 418 419 425 420 421 422 423 424 426 427 428 429 431 432 433 434
196: 399 400 401 402 414 415 416 417 418 419 425 420 421 422 423 424 426 427 428 429
195: 420 421 422 423 424
194: 399 400 401 402 414 415 416 417 418 419
193: 384 385 386 390 391 392 393 394 395 387 388 389 396 397 398 399 400 402 403 401 404 405 406 407 408 409 410 411 412 413
192: 399 400 402 403 401 404 405 406
191: 401
190: 399 400
189: 384 385 386 390 391 392 393 394 395 387 388 389 396 397 398
188: 384 385 386 390 391 392 393 394 395
185: 390
187: 384 385 386 387 388 389
186: 384 385 386
184: 378 275 276 277 278 279 280 281 282 283 284 285 286 287 288 289 301 290 291 296 297 293 292 294 295 298 299 300 302 303 304 305 306 307 308 309 310 311 312 313 314 315 316 317 318 319 320 321 322 323 324 325 326 327 328 329 330 331 332 333 334 335 336 337 338 339 340 341 342 343 372 373 345 344 346 347 356 348 349 351 350 352 353 354 355 357 358 359 360 367 368 361 362 363 364 365 366 369 370 371 374 375 376 379 377 380 381 382 383
183: 378
182: 377
181: 275 276 277 278 279 280 281 282 283 284 285 286 287 288 289 290 291 296 297 293 292 294 295 298 299 300 336 337 338 339 340 341 342 343 372 373 345 344 346 347 356 348 349 351 350 352 353 354 355 357 358 359 360 367 368 361 362 363 364 365 366 369 370 371 374 375 376
180: 345 344 346 347 356 348 349 351 350 352 353 354 355 357 358 359 360 367 368 275 276 290 291 293 292 294 295 296 361 362 363 364 365 366 369 370 371
179: 275 276 290 291 293 292 294 295 296 361 362 363 364 365 366
178: 345 344 346 347 356 348 349 351 350 352 353 354 355 357 358 359 360
177: 348 349 351 350 352 353 354 355
176: 350
175: 348 349
174: 345 344 346 347
173: 275 276 277 278 279 280 281 282 283 284 285 286 287 288 289 290 291 296 297 293 292 294 295 298 299 300 336 337 338 339 340 341 342 343
172: 275 276 277 278 279 280 281 282 283 284 285 286 287 288 289 301 290 291 296 297 293 292 294 295 298 299 300 302 303 304 305 306 307 308 309 310 311 312 313 314 315 316 317 318 319 320 321 322 323 324 325 326 327 328 329 330 331 332 333 334 335
171: 280 306 275 276 277 278 279 307 308 309 310 311 312 313 314 315 316 317 318 319 320 321 322 323 324 325 326 327
170: 280 306 275 276 277 278 279 307 308 309 310 311 312 313 314 315 316 317 318 319 320
169: 280 306 275 276 277 278 279 307 308 309 310 311 312 313 314
168: 280 306 275 276 277 278 279 307 308 309 310
137: 144 127 128 129 130 131 132 133 134 135 215 216 217
118: 127 128 129 130 131 132 133 134 135 215
136: 212 213 214
135: 127 128 129 130 131 132 133 134 135 136 137 138 139 140 141 142 143 144 145 146 147 148 149 150 151 152 153 154 155 156 171 172 157 158 159 160 166 167 161 162 163 164 165 168 169 170 173 174 175 194 195 178 179 176 177 180 181 182 183 184 185 186 187 188 189 190 191 192 193 196 197 198 199 200 201 202 203 204 205 206 207 208 209 210 211
134: 178 179 132 176 177 180 181 182 187 199 148 150 183 149 184 185 186 200 201 202
133: 148 149 150 151 152 153 154 155 156 171 172 157 158 159 160 166 167 161 162 163 164 165 168 169 170 173 174 175 194 195 178 179 132 176 177 180 181 182 183 184 185 186 187 188 189 190 191 192 193 196 197 198
132: 178 179 132 176 177 180 181 182 148 150 183 149 184 185 186 187 188 189 190 191 192 193
131: 148 150 183 149 184 185 186
130: 178 179 132 176 177 180 181 182
129: 178 179
128: 132 176 177
127: 148 149 150 151 152 153 154 155 156 171 172 157 158 159 160 166 167 161 162 163 164 165 168 169 170 173 174 175
126: 157 158 159 160 166 167 161 162 163 164 165 168 169 170
125: 161 162 163 164 165
124: 157 158 159 160
123: 148 149 150 151 152 153 154 155 156
109: 109 110 111 112
122: 149
111: 113 114 115 116 117
110: 113
112: 113 118 119 120 121 122
113: 113 114 115 116 117 118 119 120 121 122 123 124 125 126
114: 127 128
115: 127 128 129 130 131
116: 132
117: 132 133 134 135
119: 127 128 129 130 131 132 133 134 135 136 137 138 139 140 141 142
120: 143 144 145 146 147
121: 148
138: 212 213 214 218 144 127 128 129 130 131 132 133 134 135 215 216 217 219 220 221
139: 212 213 214 218 144 127 128 129 130 131 132 133 134 135 215 216 217 219 220 221 222
140: 212 213 214 144 127 128 129 130 131 132 133 134 135 215 216 217 223 224
141: 225 226
142: 227
143: 227 228 229 230 231 232
144: 227 228 229 230 231 232 233 234
145: 235
146: 235 236 237 238 239 240
147: 235 237 241 242
148: 235 243 237 241 242 244 245
149: 235 243 237 241 242 244 245 225 226 246 247
150: 225 226 235 248 249 250
151: 225 235 243 237 241 242 244 245 251 252
152: 225 235 243 237 241 242 244 245 251 252 227 228 229 230 231 232 233 234 226 246 247 253 248 249 250 254 255 256
153: 225 235 243 237 241 242 244 245 251 252 227 228 229 230 231 232 233 234 226 246 247 253 248 249 250 254 255 256 236 238 239 240 257 258 259
154: 225 235 243 237 241 242 244 245 251 252 227 228 229 230 231 232 233 234 226 246 247 253 248 249 250 254 255 256 236 238 239 240 257 258 259 212 213 214 218 144 127 128 129 130 131 132 133 134 135 215 216 217 219 220 221 223 224 260 261 262
155: 225 235 243 237 241 242 244 245 251 252 227 228 229 230 231 232 233 234 226 246 247 253 248 249 250 254 255 256 236 238 239 240 257 258 259 212 213 214 218 144 127 128 129 130 131 132 133 134 135 215 216 217 219 220 221 222 263 264 265 266
156: 225 235 243 237 241 242 244 245 251 252 227 228 229 230 231 232 233 234 226 246 247 253 248 249 250 254 255 256 236 238 239 240 257 258 259 212 213 214 218 144 127 128 129 130 131 132 133 134 135 215 216 217 219 220 221 222 263 264 265 266 223 224 260 261 262 267 268 269
157: 225 235 243 237 241 242 244 245 251 252 227 228 229 230 231 232 233 234 226 246 247 253 248 249 250 254 255 256 236 238 239 240 257 258 259 212 213 214 218 144 127 128 129 130 131 132 133 134 135 215 216 217 219 220 221 222 263 264 265 266 223 224 260 261 262 267 268 269 270 271 272 273 274
158: 275 276
159: 275 276 277 278 279
160: 280
161: 280 281 282
162: 275 276 277 278 279 280 281 282 283 284 285 286
163: 275 276 277 278 279 280 281 282 283 284 285 286 287 288 289
164: 275 276 290 291
165: 293 292 294 295
166: 275 276 290 291 296 297 293 292 294 295 298 299 300
167: 275 276 277 278 279 280 281 282 283 284 285 286 287 288 289 301 290 291 296 297 293 292 294 295 298 299 300 302 303 304 305
----------------------------------------

【xag】
214: 507 501 503 505 511 514 517 518 508 510 520 521 523 525 526 528 531 532 533 534 535 578 579 580 581 582 584 587 590 591 593 595 598 600 603 605 606 607 608 609 610 612 656 657 658 659 121 651 630 632 633 634 635 637 640 641 644 638 639 645 646 648 650 653 125 124 128 537 536 540 568 543 541 545 558 548 550 551 552 555 560 561 562 565 570 572 573 575 615 614 617 620 621 622 625 628 129
213: 507 501 503 505 511 514 517 518 508 510 520 521 523 525 526 528 531 532 533 534 535 578 579 580 581 582 584 587 590 591 593 595 598 600 603 605 606 607 608 609 610 612 656 657 658 659 121 651 630 632 633 634 635 637 640 641 644 638 639 645 646 648 650 653 125 124 128
212: 507 501 503 505 511 514 517 518 508 510 520 521 523 525 526 528 531 532 533 534 535 578 579 580 581 582 584 587 590 591 593 595 598 600 603 605 606 607 608 609 610 612 656 657 658 659 121
211: 651 630 632 633 507 598 501 503 505 600 603 605 606 584 587 590 591 593 595 634 635 637 640 641 644 638 639 645 646 648 650 653
210: 630 632 633 507 598 501 503 505 600 603 605 606 584 587 590 591 593 595 634 635 637 640 641 644 638 639 645 646 648 650
207: 640 641 644
209: 638 639
206: 507 598 501 503 505 600 603 605 606 584 587 590 591 593 595 634 635 637
208: 630 632 633
205: 525 526 528 531 532 533 534 535 507 501 503 505 511 514 517 518 508 510 520 521 523 537 536 540 568 543 541 545 558 548 550 551 552 555 560 561 562 565 570 572 573 575 584 587 590 591 593 595 598 600 603 605 606 607 608 609 610 612 578 579 580 581 582 615 614 617 620 621 622 625 628
204: 584 587 590 591 593 595 507 598 501 503 505 600 603 605 606 607 608 609 610 612 511 514 517 518 508 510 520 521 523 525 526 528 531 532 533 534 535 578 579 580 581 582 615 614 617
203: 584 587 590 591 593 595 507 598 501 503 505 600 603 605 606 607 608 609 610 612
202: 507 598 501 503 505 600 603 605 606
201: 584 587 590 591 593 595
200: 584 587 590
199: 584
198: 507 501 503 505 511 514 517 518 508 510 520 521 523 525 526 528 531 532 533 534 535 578 579 580 581 582
197: 525 526 528 531 532 533 534 535 507 501 503 505 511 514 517 518 508 510 520 521 523 537 536 540 568 543 541 545 558 548 550 551 552 555 560 561 562 565 570 572 573 575
196: 528 525 526 543 541 545 558 548 550 551 552 555 560 561 562 565
195: 548 550 551 552 555
194: 528 525 526 543 541 545
193: 525 526 528 531 532 533 534 535 507 501 503 505 511 514 517 518 508 510 520 521 523 537 536 540
192: 525 526 528 531 532 533 534 535
191: 528
190: 525 526
189: 507 501 503 505 511 514 517 518 508 510 520 521 523
188: 507 501 503 505 511 514 517 518
185: 507
187: 501 503 505 507 508 510
186: 501 503 505
184: 350 345 348 351 353 354 355 356 357 358 360 361 363 364 365 389 367 368 371 373 374 375 378 381 382 384 386 391 392 393 396 407 408 405 399 400 401 402 404 406 409 411 416 414 417 418 421 424 426 427 428 429 430 432 433 434 435 437 438 457 443 445 441 448 449 451 454 458 459 460 463 466 465 467 470 471 473 474 477 480 481 482 484 485 492 490 487 493 495 496 499
183: 490
182: 487
181: 350 345 348 351 353 354 355 356 357 358 360 361 363 364 365 367 368 371 373 374 375 378 381 382 384 386 428 429 430 432 433 434 435 437 438 457 443 445 441 448 449 451 454 458 459 460 463 466 465 467 470 471 473 474 477 480 481 482 484 485
180: 434 435 437 438 457 443 445 345 441 448 449 451 454 458 459 460 463 371 373 374 375 348 367 368 466 465 467 470 471 473 474 477
179: 371 373 374 375 345 348 367 368 466 465 467
178: 434 435 437 438 457 443 445 345 441 448 449 451 454 458 459 460 463
177: 443 445 345 441 448 449 451 454
176: 443
175: 345 441
174: 434 435 437 438
173: 350 345 348 351 353 354 355 356 357 358 360 361 363 364 365 367 368 371 373 374 375 378 381 382 384 386 428 429 430 432 433
172: 350 345 348 351 353 354 355 356 357 358 360 361 363 364 365 389 367 368 371 373 374 375 378 381 382 384 386 391 392 393 396 407 408 405 399 400 401 402 404 406 409 411 416 414 417 418 421 424 426 427
171: 407 408 405 354 399 350 345 348 351 353 400 401 402 404 406 409 411 416 414 417
170: 407 408 405 354 399 350 345 348 351 353 400 401 402 404 406 409 411
169: 405 354 399 350 345 348 351 353 400 401 402 404 406
168: 354 399 350 345 348 351 353 400 401 402 404
137: 126 111 112 113 114 115 116 117 118 119 242 244 247
118: 111 112 113 114 115 116 117 118 119 242
136: 237 239 241
135: 127 126 130 116 117 118 119 111 112 113 114 115 122 120 123 230 133 132 135 134 136 137 138 139 140 141 142 143 144 145 146 147 148 151 153 154 155 158 159 161 178 181 183 184 206 168 170 162 165 172 173 175 209 208 212 215 217 219 220 222 233 225 226 227 228 229 234
134: 168 170 116 162 165 172 173 175 132 133 178 181 183 184 206 225 226 227 228 229
133: 133 132 135 134 136 137 138 139 140 141 142 143 144 145 146 147 148 151 153 154 155 158 159 161 178 181 183 184 206 168 170 116 162 165 172 173 175 209 208 212 215 217 219 220 222
132: 132 133 178 181 183 184 206 168 170 116 162 165 172 173 175 209 208 212
131: 132 133 178 181 183 184 206
130: 168 170 116 162 165 172 173 175
129: 168 170
128: 116 162 165
127: 133 132 135 134 136 137 138 139 140 141 142 143 144 145 146 147 148 151 153 154 155 158 159 161
126: 137 138 139 140 141 142 143 144 145 146 147 148 151 153
125: 141 142 143 144 145
124: 137 138 139 140
123: 133 132 135 134 136
109: 660 661
122: 133
111: 112 662 113
110: 112
112: 112 114 107 108
113: 112 114 107 108 662 113 109 110
114: 111 112
115: 111 112 113 114 115
116: 116
117: 116 117 118 119
119: 116 117 118 119 111 112 113 114 115 122 120 123
120: 127 126 130
121: 132
138: 237 239 241 248 126 111 112 113 114 115 116 117 118 119 242 244 247 250 253 255
139: 237 239 241 248 126 111 112 113 114 115 116 117 118 119 242 244 247 250 253 255 256
140: 237 239 241 126 111 112 113 114 115 116 117 118 119 242 244 247 258 261
141: 113 262
142: 265
143: 265 267 270 273 274
144: 265 267 270 273 274 276 277
145: 279
146: 237 279 281 282
147: 284 287 290 292
148: 279 294 284 287 290 292 296 298
149: 279 294 284 287 290 292 296 298 113 262 301 303
150: 113 262 279 304 306 307
151: 113 262 279 294 284 287 290 292 296 298 309
152: 113 262 279 294 284 287 290 292 296 298 309 265 267 270 273 274 276 277 304 306 307 301 303 311 313 315 318
153: 113 262 279 294 284 287 290 292 296 298 309 265 267 270 273 274 276 277 304 306 307 301 303 311 313 315 318 237 281 282 320 322 323
154: 113 262 279 294 284 287 290 292 296 298 309 265 267 270 273 274 276 277 304 306 307 301 303 311 313 315 318 237 281 282 320 322 323 239 241 126 111 112 114 115 116 117 118 119 242 244 247 258 261 248 250 253 255 325 327 328
155: 237 239 241 248 126 111 112 113 114 115 116 117 118 119 242 244 247 250 253 255 330 262 279 294 284 287 290 292 296 298 309 265 267 270 273 274 276 277 304 306 307 301 303 311 313 315 318 281 282 320 322 323 333 334
156: 237 239 241 248 126 111 112 113 114 115 116 117 118 119 242 244 247 250 253 255 330 262 279 294 284 287 290 292 296 298 309 265 267 270 273 274 276 277 304 306 307 301 303 311 313 315 318 281 282 320 322 323 333 334 258 261 325 327 328 256 335 337 338
157: 237 239 241 248 126 111 112 113 114 115 116 117 118 119 242 244 247 250 253 255 330 262 279 294 284 287 290 292 296 298 309 265 267 270 273 274 276 277 304 306 307 301 303 311 313 315 318 281 282 320 322 323 333 334 258 261 325 327 328 256 335 337 338 341 342 344
158: 345 348
159: 350 345 348 351 353
160: 354
161: 354 355 356
162: 350 345 348 351 353 354 355 356 357 358 360 361
163: 350 345 348 351 353 354 355 356 357 358 360 361 363 364 365
164: 345 348 367 368
165: 371 373 374 375
166: 345 348 367 368 371 373 374 375 378 381 382 384 386
167: 350 345 348 351 353 354 355 356 357 358 360 361 363 364 365 389 367 368 371 373 374 375 378 381 382 384 386 391 392 393 396
----------------------------------------

【mig】
214: 447 448 450 451 426 427 428 430 441 443 445 452 453 454 413 410 411 412 414 416 417 418 420 421 422 423 424 432 433 435 437 439 456 457 475 459 461 463 465 458 467 468 469 471 473 476 478 480 482 483 484 485 487 488 489 511 491 492 493 494 496 497 503 504 506 499 501 508 510 512 514 516 518 520 522 110 113 117 120 123
213: 511 491 492 493 410 411 412 469 413 471 473 459 461 463 465 458 467 468 494 496 497 503 504 506 499 501 508 510 512 514 516 414 416 417 418 420 421 422 423 424 426 427 428 430 432 433 435 475 476 478 480 482 483 518 520 522 110 113
212: 413 410 411 412 414 416 417 418 420 421 422 423 424 426 427 428 430 432 433 435 475 459 461 463 465 458 467 468 469 471 473 476 478 480 482 483 518
211: 511 491 492 493 410 411 412 469 413 471 473 459 461 463 465 458 467 468 494 496 497 503 504 506 499 501 508 510 512 514 516
210: 491 492 493 410 411 412 469 413 471 473 459 461 463 465 458 467 468 494 496 497 503 504 506 499 501 508 510
207: 491 503 504
209: 499 501
206: 410 411 412 469 413 471 473 459 461 463 465 458 467 468 494 496 497
208: 491 492 493
205: 447 448 450 451 426 427 428 430 441 443 445 452 453 454 413 410 411 412 414 416 417 418 420 421 422 423 424 432 433 435 437 439 456 457 475 459 461 463 465 458 467 468 469 471 473 476 478 480 482 483 484 485 487 488 489
204: 413 410 411 412 414 416 417 418 420 421 422 423 424 426 427 428 430 432 433 435 475 459 461 463 465 458 467 468 469 471 473 476 478 480 482 483 484 485 487
203: 475 459 461 463 465 458 467 468 410 411 412 469 413 471 473 476 478 480 482
202: 410 411 412 469 413 471 473
201: 459 461 463 465 458 467 468
200: 459 461 463
199: 458
198: 413 410 411 412 414 416 417 418 420 421 422 423 424 426 427 428 430 432 433 435
197: 447 448 450 451 426 427 428 430 441 443 445 452 453 454 413 410 411 412 414 416 417 418 420 421 422 423 424 432 433 435 437 439 456 457
196: 447 448 450 451 426 427 428 430 441 443 445 452 453
195: 447 448 450
194: 426 427 428 430 441 443 445
193: 413 410 411 412 414 416 417 418 420 421 422 423 424 426 427 428 430 432 433 435 437 439
192: 426 427 428 430 432
191: 428
190: 426 427
189: 413 410 411 412 414 416 417 418 420 421 422 423 424
188: 410 411 412 413 417 418 420 421
185: 413
187: 413 410 411 412 414 416
186: 410 411 412
184: 406 362 297 299 322 323 324 325 327 328 329 331 332 300 301 302 311 306 308 310 312 314 315 316 304 318 320 333 334 347 339 335 336 338 341 343 345 348 350 352 354 355 356 358 360 363 365 367 369 371 373 375 377 378 384 386 387 388 390 392 379 380 381 383 394 395 396 397 398 399 400 401 403 404 407 409
183: 406
182: 404
181: 371 300 297 299 301 302 311 306 308 310 312 314 315 316 304 318 320 322 323 324 325 327 328 329 331 373 375 377 378 384 386 387 388 390 392 379 380 381 383 394 395 396 397 398 399 400 401 403
180: 384 386 387 388 390 392 379 380 381 383 394 395 297 299 322 323 324 325 327 328 329 396 397 398 399 400
179: 297 299 322 323 324 325 327 328 329 396 397 398
178: 384 386 387 388 390 392 379 380 381 383 394 395
177: 384 386 387 388 390
176: 387
175: 384 386
174: 379 380 381 383
173: 371 300 297 299 301 302 311 306 308 310 312 314 315 316 304 318 320 322 323 324 325 327 328 329 331 373 375 377 378
172: 362 297 299 322 323 324 325 327 328 329 331 332 300 301 302 311 306 308 310 312 314 315 316 304 318 320 333 334 347 339 335 336 338 341 343 345 348 350 352 354 355 356 358 360 363 365 367 369
171: 347 339 300 297 299 301 302 335 304 336 338 341 343 345 348 350 352 354 355 356 358 360
170: 347 339 300 297 299 301 302 335 304 336 338 341 343 345 348 350 352 354
169: 339 300 297 299 301 302 335 304 336 338 341 343 345
168: 300 297 299 301 302 335 304 336 338
137: 121 122 124 126 127 130 128 131 132 222 223 224 226
118: 121 122 124 126 127 130 128 131 132 222
136: 219 220 221
135: 121 122 124 126 127 130 128 131 132 133 135 137 138 145 147 149 150 151 153 154 156 157 158 159 160 162 164 165 166 172 173 175 168 170 171 176 177 179 180 200 202 203 205 207 210 212 213 139 140 141 142 143 209 215 216 218
134: 172 173 175 168 170 171 176 177 145 147 149 179 180 209
133: 145 147 149 150 151 153 154 156 157 158 159 160 162 164 165 166 172 173 175 168 170 171 176 177 179 180 200 202 203 205 207
132: 172 173 175 168 170 171 176 177 145 147 149 179 180 200 202 203
131: 145 147 149 179
130: 172 173 175 168 170 171 176 177
129: 172 173
128: 168 170 171
127: 145 147 149 150 151 153 154 156 157 158 159 160 162 164 165 166
126: 154 156 157 158 159 160 162 164
125: 159 160
124: 154 156 157 158
123: 145 147 149 150 151 153
109: 524 525 526 112
122: 147
111: 527 114 107 108 109
110: 114
112: 114 111 112 114 115
113: 114 111 112 114 115 527 107 108 109 116 118 119
114: 121 122
115: 121 122 124 126 127
116: 128
117: 130 128 131 132
119: 121 122 124 126 127 130 128 131 132 133 135 137 138
120: 139 140 141 142 143
121: 145
138: 219 220 221 121 122 124 126 127 130 128 131 132 222 223 224 226 227
139: 219 220 221 121 122 124 126 127 130 128 131 132 222 223 224 226 227 228
140: 219 220 221 121 122 124 126 127 130 128 131 132 222 223 224 226 229 230
141: 124 232
142: 234
143: 234 235 237 239 240
144: 234 235 237 239 240 242 243
145: 244
146: 244 246 247 249
147: 251 252 253 254
148: 251 252 253 254 244 255 256 257
149: 251 252 253 254 244 255 256 257 124 232 259 260
150: 124 232 244 262 263 265
151: 251 252 253 254 244 255 256 257 267 268 269
152: 234 235 237 239 240 242 243 124 232 244 262 263 265 251 252 253 254 255 256 257 267 268 269 270 259 260 272 274
153: 244 246 247 249 234 235 237 239 240 242 243 124 232 262 263 265 251 252 253 254 255 256 257 267 268 269 270 259 260 272 274 276 278 279
154: 244 246 247 249 234 235 237 239 240 242 243 124 232 262 263 265 251 252 253 254 255 256 257 267 268 269 270 259 260 272 274 276 278 279 219 220 221 121 122 126 127 130 128 131 132 222 223 224 226 227 280 229 230 282 283
155: 219 220 221 121 122 124 126 127 130 128 131 132 222 223 224 226 227 244 246 247 249 234 235 237 239 240 242 243 232 262 263 265 251 252 253 254 255 256 257 267 268 269 270 259 260 272 274 276 278 279 284 286 287
156: 244 246 247 249 234 235 237 239 240 242 243 124 232 262 263 265 251 252 253 254 255 256 257 267 268 269 270 259 260 272 274 276 278 279 219 220 221 121 122 126 127 130 128 131 132 222 223 224 226 227 280 229 230 282 283 284 286 287 228 289 290 291
157: 244 246 247 249 234 235 237 239 240 242 243 124 232 262 263 265 251 252 253 254 255 256 257 267 268 269 270 259 260 272 274 276 278 279 219 220 221 121 122 126 127 130 128 131 132 222 223 224 226 227 280 229 230 282 283 284 286 287 228 289 290 291 293 294 296
158: 297 299
159: 300 297 299 301 302
160: 304
161: 306 308 310
162: 300 297 299 301 302 311 306 308 310 312 314 315
163: 300 297 299 301 302 311 306 308 310 312 314 315 316 304 318 320
164: 297 299 322 323
165: 324 325 327 328
166: 297 299 322 323 324 325 327 328 329 331
167: 297 299 322 323 324 325 327 328 329 331 332 300 301 302 311 306 308 310 312 314 315 316 304 318 320 333 334
----------------------------------------

【xmg】
214: 142 442 425 426 427 397 399 401 403 395 404 406 428 347 348 350 356 357 408 410 430 431 437 438 439 433 435 440 441 443 147 358 360 361 363 352 353 355 364 365 367 368 369 370 371 372 393 412 413 414 415 416 417 123 151 374 376 378 380 382 383 384 386 387 388 389 390 392 418 420 422 424 154
213: 142 442 425 426 427 397 399 401 403 395 404 406 428 347 348 350 356 357 408 410 430 431 437 438 439 433 435 440 441 443 147 358 360 361 363 352 353 355 364 365 367 368 369 370 371 372 393 412 413 414 415 416 417 123 151
212: 356 347 348 350 357 358 360 361 363 352 353 355 364 365 367 368 369 370 371 372 393 397 399 401 403 395 404 406 408 410 412 413 414 415 416 417 123
211: 442 425 426 427 397 399 401 403 395 404 406 428 347 348 350 356 357 408 410 430 431 437 438 439 433 435 440 441 443
210: 425 426 427 397 399 401 403 395 404 406 428 347 348 350 356 357 408 410 430 431 437 438 439 433 435 440 441
207: 425 437 438
209: 433 435
206: 397 399 401 403 395 404 406 428 347 348 350 356 357 408 410 430 431
208: 425 426 427
205: 372 356 347 348 350 357 358 360 361 363 352 353 355 364 365 374 367 368 369 370 371 376 378 380 382 383 384 386 387 388 389 390 392 417 393 418 397 399 401 403 395 404 406 408 410 412 413 414 415 416 420 422 424
204: 417 356 347 348 350 357 358 360 361 363 352 353 355 364 365 367 368 369 370 371 372 393 418 397 399 401 403 395 404 406 408 410 412 413 414 415 416 420
203: 397 399 401 403 395 404 406 347 348 350 356 357 408 410 412 413 414 415 416
202: 347 348 350 356 357 408 410
201: 397 399 401 403 395 404 406
200: 397 399 401
199: 395
198: 356 347 348 350 357 358 360 361 363 352 353 355 364 365 367 368 369 370 371 372 393
197: 372 356 347 348 350 357 358 360 361 363 352 353 355 364 365 374 367 368 369 370 371 376 378 380 382 383 384 386 387 388 389 390 392
196: 370 367 368 378 369 380 382 383 384 386 387 388
195: 382 383 384
194: 370 367 368 378 369 380
193: 372 356 347 348 350 357 358 360 361 363 352 353 355 364 365 374 367 368 369 370 371 376
192: 367 368 369 370 371
191: 369
190: 367 368
189: 356 347 348 350 357 358 360 361 363 352 353 355 364 365
188: 356 347 348 350 357 358 360 361
185: 356
187: 352 347 348 350 353 355
186: 347 348 350
184: 343 268 270 272 274 261 263 264 265 266 276 277 278 267 279 280 281 282 283 284 286 287 288 290 291 292 302 304 298 299 296 293 294 295 297 300 306 308 309 311 313 314 316 317 318 319 320 321 322 324 325 326 328 329 330 331 332 333 334 335 336 337 338 340 341 344 345
183: 343
182: 341
181: 268 270 272 274 261 263 264 265 266 276 277 278 267 279 280 281 282 283 284 286 287 288 316 317 318 319 320 321 322 324 325 326 328 329 330 331 332 333 334 335 336 337 338 340
180: 321 322 324 325 326 328 329 330 331 332 333 287 261 263 281 282 334 283 284 286 335 336 337
179: 287 261 263 281 282 334 283 284 286 335
178: 321 322 324 325 326 328 329 330 331 332 333
177: 325 326 328 329 330
176: 328
175: 325 326
174: 321 322 324
173: 268 270 272 274 261 263 264 265 266 276 277 278 267 279 280 281 282 283 284 286 287 288 316 317 318 319 320
172: 268 270 272 274 261 263 264 265 266 276 277 278 267 279 280 281 282 283 284 286 287 288 290 291 292 302 304 298 299 296 293 294 295 297 300 306 308 309 311 313 314
171: 302 304 298 299 296 261 263 264 265 266 267 293 294 295 297 300 306
170: 298 299 296 261 263 264 265 266 267 293 294 295 297 300
169: 296 261 263 264 265 266 267 293 294 295 297
168: 261 263 264 265 266 267 293 294 295
137: 124 111 112 113 114 115 117 116 118 119 185 186 188
118: 111 112 113 114 115 117 116 118 119 185
136: 165 166 167
135: 145 146 148 141 143 144 149 150 127 128 129 152 153 159 130 131 132 133 134 135 136 137 138 139 140 155 156 157 158 161 120 111 112 113 114 115 121 117 116 118 119 122 163 125 124 126 164
134: 145 146 148 141 143 144 149 150 127 128 129 152 153 159
133: 129 127 130 128 131 132 133 134 135 136 137 138 139 140 153 145 146 148 141 143 144 149 150 155 152 156 157 158
132: 153 145 146 148 141 143 144 149 150 155 127 128 129 152 156
131: 127 128 129 152
130: 145 146 148 141 143 144 149 150
129: 145 146
128: 141 143 144
127: 129 127 130 128 131 132 133 134 135 136 137 138 139 140
126: 132 133 134 135 136 137 138
125: 135 136
124: 132 133 134
123: 129 127 130 128 131
109: 444 445
122: 128
111: 112 446 447
110: 112
112: 112 114 107 108
113: 112 114 107 108 446 447 109 110
114: 111 112
115: 111 112 113 114 115
116: 116
117: 117 116 118 119
119: 120 111 112 113 114 115 121 117 116 118 119 122
120: 125 124 126
121: 127
138: 165 166 167 124 111 112 113 114 115 117 116 118 119 185 186 188 190
139: 165 166 167 124 111 112 113 114 115 117 116 118 119 185 186 188 190 191
140: 165 166 167 124 111 112 113 114 115 117 116 118 119 185 186 188 192 193
141: 194 196
142: 197
143: 197 199 201 203 204
144: 197 199 201 203 204 206 207
145: 208
146: 208 210 212 214
147: 208 215 217
148: 208 218 215 217 219 221
149: 208 218 215 217 219 221 194 196 223 224
150: 194 196 208 226 227 229
151: 208 218 215 217 219 221 231 232 233
152: 197 199 201 203 204 206 207 194 196 208 226 227 229 218 215 217 219 221 231 232 233 235 223 224 237 238
153: 197 199 201 203 204 206 207 194 196 208 226 227 229 218 215 217 219 221 231 232 233 235 223 224 237 238 239 210 212 214 241 242
154: 197 199 201 203 204 206 207 194 196 208 226 227 229 218 215 217 219 221 231 232 233 235 223 224 237 238 239 210 212 214 241 242 165 166 167 124 111 112 113 114 115 117 116 118 119 185 186 188 190 244 192 193 245 246
155: 197 199 201 203 204 206 207 194 196 208 226 227 229 218 215 217 219 221 231 232 233 235 223 224 237 238 239 210 212 214 241 242 165 166 167 124 111 112 113 114 115 117 116 118 119 185 186 188 190 248 250 251
156: 197 199 201 203 204 206 207 194 196 208 226 227 229 218 215 217 219 221 231 232 233 235 223 224 237 238 239 210 212 214 241 242 165 166 167 124 111 112 113 114 115 117 116 118 119 185 186 188 190 248 250 251 191 253 244 192 193 245 246 254 255
157: 197 199 201 203 204 206 207 194 196 208 226 227 229 218 215 217 219 221 231 232 233 235 223 224 237 238 239 210 212 214 241 242 165 166 167 124 111 112 113 114 115 117 116 118 119 185 186 188 190 248 250 251 191 253 244 192 193 245 246 254 255 257 258 260
158: 261 263
159: 261 263 264 265 266
160: 267
161: 268 270 272
162: 268 270 272 274 261 263 264 265 266 276 277
163: 268 270 272 274 261 263 264 265 266 276 277 278 267 279 280
164: 261 263 281 282
165: 283 284 286
166: 261 263 281 282 283 284 286 287 288
167: 268 270 272 274 261 263 264 265 266 276 277 278 267 279 280 281 282 283 284 286 287 288 290 291 292
----------------------------------------
