
【aig】
386: 647 397 398 399 400 401 648 649 650 651 653 654 652 655 656 657 661 662 665 666 667 668 690 691 692 693 694 644 645 646 695 696 697 677 678 679 686 680 681 682 683 684 685 687 688 689 741 742 743 744 745 746 747 710 709 711 712 713 714 715 716 717 725 718 719 720 722 721 723 724 726 727 728 737 730 731 732 733 729 734 735 736 738 739 740 756 757 758 759 760 761 762 797 786 787 788 789 790 791 792 793 763 764 765 766 767 768 769 782 770 771 772 778 773 774 775 776 777 779 780 781 783 784 785 794 795 796 798 799 800 658 659 660 669 670 671 672 673 663 664 674 675 676 698 699 700 701 702 703 704 705 706 707 708 748 749 750 751 752 753 754 755 801 802 803 804
385: 647 397 398 399 400 401 648 649 650 651 653 654 652 655 656 657 661 662 665 666 667 668 690 691 692 693 694 644 645 646 695 696 697 677 678 679 686 680 681 682 683 684 685 687 688 689 741 742 743 744 745 746 747 710 709 711 712 713 714 715 716 717 725 718 719 720 722 721 723 724 726 727 728 737 730 731 732 733 729 734 735 736 738 739 740 756 757 758 759 760 761 762 797 786 787 788 789 790 791 792 793 763 764 765 766 767 768 769 782 770 771 772 778 773 774 775 776 777 779 780 781 783 784 785 794 795 796 798 799 800
384: 677 678 679 680 681 682 683 684 685 730 731 732 733 729 734 735 736 397 398 399 400 710 709 711 712 713 714 715 716 717 725 718 719 720 722 721 723 724 726 727 728 786 787 788 789 790 791 792 793 763 764 765 766 767 768 769 782 770 771 772 778 773 774 775 776 777 779 780 781 783 784 785 794 795 796
383: 397 398 399 400 710 709 711 712 713 714 715 716 717 725 718 719 720 722 680 681 682 721 723 724 726 727 728 786 787 788 789
382: 718 719 720 722 680 681 682 721 723 724 397 398 399 400 710 709 711 712 713 714 715 716 717 763 764 765 766 767 768 769 782 770 771 772 778 773 774 775 776 777 779 780 781 783 784 785
381: 770 715 771 772 778 773 774 775 776 777 779 780 781
380: 773 774 775 776 777
379: 773 774 775
378: 770 715 771 772
363: 715
377: 718 719 720 722 680 681 682 721 723 724 397 398 399 400 710 709 711 712 713 714 715 716 717 763 764 765 766 767 768 769
376: 647 397 398 399 400 401 648 649 650 651 653 654 652 655 656 657 661 662 665 666 667 668 690 691 692 693 694 644 645 646 695 696 697 677 678 679 686 680 681 682 683 684 685 687 688 689 741 742 743 744 745 746 747 710 709 711 712 713 714 715 716 717 725 718 719 720 722 721 723 724 726 727 728 737 730 731 732 733 729 734 735 736 738 739 740 756 757 758 759 760 761 762
375: 397 398 399 400 710 709 711 712 713 714 715 716 717 725 718 719 720 722 680 681 682 721 723 724 726 727 728 737 677 678 679 683 684 685 730 731 732 733 729 734 735 736 738 739 740 748 647 401 648 649 650 651 653 654 652 655 656 657 661 662 665 666 667 668 690 691 692 693 694 644 645 646 695 696 697 686 687 688 689 741 742 743 744 745 746 747 749 750 751 752 753 754 755
372: 715 716 717 725 718 719 720 722 680 681 682 721 723 724 726 727 728 737 677 678 679 683 684 685 730 731 732 733 729 734 735 736 738 739 740 748 647 397 398 399 400 401 648 649 650 651 653 654 652 655 656 657 661 662 665 666 667 668 690 691 692 693 694 644 645 646 695 696 697 686 687 688 689 741 742 743 744 745 746 747 749 750 751
371: 647 397 398 399 400 401 648 649 650 651 653 654 652 655 656 657 661 662 665 666 667 668 690 691 692 693 694 644 645 646 695 696 697 677 678 679 686 680 681 682 683 684 685 687 688 689 741 742 743 744 745 746 747
370: 715 716 717 725 718 719 720 722 680 681 682 721 723 724 726 727 728 737 677 678 679 683 684 685 730 731 732 733 729 734 735 736 738 739 740
369: 677 678 679 680 681 682 683 684 685 730 731 732 733 729 734 735 736
368: 680 681 682 683 684 685 730 731
356: 680 681 682 683 684 685 729
367: 715 716 717 725 718 719 720 722 680 681 682 721 723 724 726 727 728
366: 718 719 720 722 680 681 682 721 723 724
365: 719 720
353: 718
364: 715 716 717
374: 397 398 399 400 710 709 711 712 713 714
373: 709
265: 397 398 399 400
362: 658 659 660 397 398 399 400 401 665 666 667 668 669 670 671 672 673 661 662 663 664 644 645 646 647 648 649 650 651 653 654 652 655 656 657 674 675 676 677 678 679 686 680 681 682 683 684 685 687 688 689 698 690 691 692 693 694 695 696 697 699 700 701 702 703 704 705 706 707 708
361: 677 678 679 686 680 681 682 683 684 685 687 688 689 698 647 397 398 399 400 401 648 649 650 651 653 654 652 655 656 657 661 662 665 666 667 668 690 691 692 693 694 644 645 646 695 696 697 699 700 701
360: 647 397 398 399 400 401 648 649 650 651 653 654 652 655 656 657 661 662 665 666 667 668 690 691 692 693 694 644 645 646 695 696 697
359: 691 692
358: 661 662 397 398 399 400 401 665 666 667 668 690
357: 677 678 679 686 680 681 682 683 684 685 687 688 689
355: 680 681 682 683 684 685
354: 680 681 682
352: 677 678 679
351: 658 659 660 397 398 399 400 401 665 666 667 668 669 670 671 672 673 661 662 663 664 644 645 646 647 648 649 650 651 653 654 652 655 656 657 674 675 676
350: 658 659 660 397 398 399 400 401 665 666 667 668 669 670 671 672 673
349: 397 398 399 400 401 665 666 667 668
348: 665 666 667
347: 658 659 660 661 662 663 664
345: 661 662
346: 658 659 660
344: 647 397 398 399 400 401 648 649 650 651 653 654 652 655 656 657
343: 652
342: 651
341: 397 398 399 400 401 648 649 650
340: 647
339: 644 645 646
338: 613 614 615 638 616 628 629 630 631 617 618 619 620 621 622 623 624 625 626 627 632 633 634 639 635 636 637 640 641 642 643
337: 613 614 615 638
336: 613 614 615 616 635 636 637
335: 613 614 615 616 628 629 630 631 617 618 619 620 621 622 623 624 625 626 627 632 633 634
334: 613 614 615 616 617 618 619 620 621 622 623 624 625 626 627
333: 613 614 615 616 617 618 619 620 621 622 623 624 625
330: 617 618 619 620
329: 617 618 619
332: 613 614 615 616
331: 613 614
328: 397 398 399 400 401 402 403 404 405 406 407 408 412 409 410 411 413 414 415 416 417 418 419 420 421 422 423 424 438 425 426 427 428 429 430 434 431 432 433 435 436 437 439 440 441 442 448 449 450 451 452 443 444 445 446 447 453 454 470 455 456 457 458 459 465 466 460 461 462 463 464 467 468 469 471 472 473 578 478 479 480 481 482 483 484 485 474 475 476 477 486 487 488 489 490 491 492 579 580 581 582 583 584 585 586 587 588 589 590 591 592 593 594 595 596 597 598 599 600 601 602 603 604 605 606 607 608 609 610 562 563 564 565 566 567 568 572 546 547 548 552 553 549 550 551 554 555 556 534 535 536 537 538 493 494 495 496 497 498 499 530 500 501 504 502 503 505 506 507 514 508 509 510 511 512 513 515 516 517 526 518 519 520 521 522 523 524 525 527 528 529 531 532 533 539 540 541 557 542 543 544 545 558 559 560 561 569 570 571 573 574 575 576 577 611 612
327: 397 398 399 400 401 402 403 404 405 406 407 408 412 409 410 411 413 414 415 416 417 418 419 420 421 422 423 424 438 425 426 427 428 429 430 434 431 432 433 435 436 437 439 440 441 442 448 449 450 451 452 443 444 445 446 447 453 454 470 455 456 457 458 459 465 466 460 461 462 463 464 467 468 469 471 472 473 578 478 479 480 481 482 483 484 485 474 475 476 477 486 487 488 489 490 491 492 579 580 581 582 583 584 585 586 587 588 589 590 591 592 593 594 595 596 597 598 599 600 601 602 603 604 605 606 607 608 609 610
326: 586 587 588 479 589 590 591 592 593 397 398 399 400 401 402 403 404 405 406 407 408 412 409 410 411 413 414 415 416 417 455 456 457 474 460 461 462 463 475 476 477 594 478 480 481 482 483 484 485 595 596 597 598 599 600 601 602 603 604 605 606 607
325: 397 398 399 400 401 402 403 404 405 406 407 408 412 409 410 411 413 414 415 416 417 455 456 457 474 460 461 462 463 475 476 477 594 478 479 480 481 482 483 484 485 595 596 597 598 599 600 601
324: 455 456 457 474 460 461 462 463 475 476 477 594 478 479 480 481 482 483 484 485 595 596 597
323: 479 589 590 591 592 593
322: 589
247: 257 258 259 263 264 265 266 271 254 255 256 269 270 272 273 274 275 276 260 261 262 267 268 312 313 314 315 316 307 308 295 296 294 297 298 299 309 310 311 282 284 285 283 286 287 288 277 278 279 280 281 289 290 291 292 293 304 300 301 302 303 305 306 317 318 319 375 376
252: 257 258 259 263 264 265 266 271 254 255 256 269 270 272 273 274 275 276 260 261 262 267 268 312 313 314 315 316 307 308 295 296 294 297 298 299 309 310 311 282 284 285 283 286 287 288 277 278 279 280 281 289 290 291 292 293 304 300 301 302 303 305 306 317 318 319 369 370 371 372 373 374
249: 257 258 259 263 264 265 266 271 254 255 256 269 270 272 273 274 275 276 260 261 262 267 268 312 313 314 315 316 307 308 295 296 294 297 298 299 309 310 311 282 284 285 283 286 287 288 277 278 279 280 281 289 290 291 292 293 304 300 301 302 303 305 306 317 318 319 369 370 371 372
246: 257 258 259 263 264 265 266 271 254 255 256 269 270 272 273 274 275 276 260 261 262 267 268 312 313 314 315 316 307 308 295 296 294 297 298 299 309 310 311 282 284 285 283 286 287 288 277 278 279 280 281 289 290 291 292 293 304 300 301 302 303 305 306 317 318 319 365 366 330 349 363 364 367 368
245: 330 349 363 364
244: 325 254 255 256 257 258 259 263 264 265 266 269 270 326 327 328 329 260 261 262 267 268 277 271 272 273 274 275 276 278 279 280 281 330 332 331 333 334 341 342 338 335 336 337 339 340 343 344 345 312 313 314 315 316 307 308 295 296 294 297 298 299 309 310 311 282 284 285 283 286 287 288 289 290 291 292 293 304 300 301 302 303 305 306 317 318 319 346 347 348 349 350 351 352 353 354 355 357 358 356 359 360 361
243: 346 347 348 330 349 350 351 353 356
241: 330 349 350 351
242: 346 347 348 330 349 350 351 352 353 354 355
240: 330 349
239: 346 347 348
225: 325 254 255 256 257 258 259 263 264 265 266 269 270 326 327 328 329 260 261 262 267 268 277 271 272 273 274 275 276 278 279 280 281 330 332 331 333 334 341 342 338 335 336 337 339 340 343 344 345
224: 330 331 338 335 336 337 339 340
223: 335 336 337
222: 330 332 331 333 334
221: 330
216: 325 254 255 256 257 258 259 263 264 265 266 269 270 326 327 328 329
210: 325
238: 257 258 259 263 264 265 266 271 254 255 256 269 270 272 273 274 275 276 260 261 262 267 268 312 313 314 315 316 307 308 295 296 294 297 298 299 309 310 311 282 284 285 283 286 287 288 277 278 279 280 281 289 290 291 292 293 304 300 301 302 303 305 306 317 318 319
237: 257 258 259 263 264 265 266 271 254 255 256 269 270 272 273 274 275 276 260 261 262 267 268 312 313 314 315 316
236: 263 264 265 257 258 259 307 308 254 255 256 260 261 262 295 296 294 297 298 299 309 310 311
235: 257 258 259 307 308
234: 254 255 256 260 261 262 295 296 294 297 298 299 304 257 258 259 263 264 265 266 267 268 277 271 269 270 272 273 274 275 276 278 279 280 281 282 284 285 283 286 287 288 300 301 302 303 305 306
233: 282 254 255 256 257 258 259 263 264 265 266 269 270 284 285 283 286 287 288 260 261 262 300 301 302 303
232: 260 261 262 295 296 294 297 298 299
231: 294
230: 282 254 255 256 257 258 259 263 264 265 266 269 270 284 285 283 286 287 288 260 261 262 267 268 277 271 272 273 274 275 276 278 279 280 281 289 290 291 292 293
206: 200 201 202 203 205 206 204 207 208 209 210 211 212 213 214 215 216 217 218 219 220 228 229 221 223 224 222 225 226 227 230 231 232 233 234 235 236 237 238 239 240 241 242 243
205: 200 201 202 203 204 205 215 216 217 218 219 220 228 229 221 223 224 222 225 226 227 230 231 232 233 234 235 236
204: 200 201 202 203 204 205 215 216 217 218 219 220 228 229 221 223 224 222 225 226 227 230 231 232
203: 221 223 224 222 225 226 227
202: 222
201: 221
200: 200 201 202 203 204 205 215 216 217 218 219 220
229: 260 261 262 289 290 291
199: 200 201 202 203 205 206 204 207 208 209 210 211 212 213 214
228: 282 254 255 256 257 258 259 263 264 265 266 269 270 284 285 283 286 287 288
198: 200 201 202 203 205 206 204 207 208 209
227: 283
256: 254 255 256 294 257 258 259 263 264 265 266 271 269 270 272 273 274 275 276 260 261 262 267 268 312 313 314 315 316 307 308 295 296 297 298 299 309 310 311 282 284 285 283 286 287 288 277 278 279 280 281 289 290 291 292 293 304 300 301 302 303 305 306 317 318 319 320 321 322 323 324 362
197: 204
226: 282
255: 294 257 258 259 263 264 265 266 271 254 255 256 269 270 272 273 274 275 276 260 261 262 267 268 312 313 314 315 316 307 308 295 296 297 298 299 309 310 311 282 284 285 283 286 287 288 277 278 279 280 281 289 290 291 292 293 304 300 301 302 303 305 306 317 318 319 320 321 322 323 324
196: 200 201 202 203
254: 257 258 259 263 264 265 266 271 254 255 256 269 270 272 273 274 275 276 260 261 262 267 268 312 313 314 315 316 307 308 295 296 294 297 298 299 309 310 311 282 284 285 283 286 287 288 277 278 279 280 281 289 290 291 292 293 304 300 301 302 303 305 306 317 318 319 320 321
195: 194 195 196 197 198 199
194: 194 195
321: 586 587 588
207: 194 195 196 197 198 199 200 201 202 203 205 206 204 207 208 209 210 211 212 213 214 215 216 217 218 219 220 228 229 221 223 224 222 225 226 227 230 231 232 233 234 235 236 237 238 239 240 241 242 243 244 245 246 247 248
208: 249 250 251 252 253
214: 254 255 256
212: 257 258 259
209: 260 261 262
211: 263 264 265
213: 257 258 259 263 264 265 266
217: 260 261 262 267 268
215: 254 255 256 257 258 259 263 264 265 266 269 270
218: 271
219: 271 254 255 256 257 258 259 263 264 265 266 269 270 272 273 274 275 276
220: 257 258 259 263 264 265 266 254 255 256 260 261 262 267 268 277 271 269 270 272 273 274 275 276 278 279 280 281
248: 377
250: 330 257 258 259 263 264 265 266 271 254 255 256 269 270 272 273 274 275 276 260 261 262 267 268 312 313 314 315 316 307 308 295 296 294 297 298 299 309 310 311 282 284 285 283 286 287 288 277 278 279 280 281 289 290 291 292 293 304 300 301 302 303 305 306 317 318 319 369 370 371 372 378
251: 330 257 258 259 263 264 265 266 271 254 255 256 269 270 272 273 274 275 276 260 261 262 267 268 312 313 314 315 316 307 308 295 296 294 297 298 299 309 310 311 282 284 285 283 286 287 288 277 278 279 280 281 289 290 291 292 293 304 300 301 302 303 305 306 317 318 319 369 370 371 372 378 375 376 379 377 380 381 382 383
253: 346 347 348 257 258 259 263 264 265 266 271 254 255 256 269 270 272 273 274 275 276 260 261 262 267 268 312 313 314 315 316 307 308 295 296 294 297 298 299 309 310 311 282 284 285 283 286 287 288 277 278 279 280 281 289 290 291 292 293 304 300 301 302 303 305 306 317 318 319 365 366 330 349 363 364 367 368 385 369 370 371 372 373 374 378 375 376 379 377 380 381 382 383 384 386 387 388
257: 254 255 256 294 257 258 259 263 264 265 266 271 269 270 272 273 274 275 276 260 261 262 267 268 312 313 314 315 316 307 308 295 296 297 298 299 309 310 311 282 284 285 283 286 287 288 277 278 279 280 281 289 290 291 292 293 304 300 301 302 303 305 306 317 318 319 320 321 322 323 324 362 325 326 327 328 329 330 332 331 333 334 341 342 338 335 336 337 339 340 343 344 345 346 347 348 349 350 351 352 353 354 355 357 358 356 359 360 361 389 365 366 363 364 367 368 385 369 370 371 372 373 374 378 375 376 379 377 380 381 382 383 384 386 387 388 390 391 392 393
258: 257 258 259 254 255 256 294 263 264 265 266 271 269 270 272 273 274 275 276 260 261 262 267 268 312 313 314 315 316 307 308 295 296 297 298 299 309 310 311 282 284 285 283 286 287 288 277 278 279 280 281 289 290 291 292 293 304 300 301 302 303 305 306 317 318 319 320 321 322 323 324 362 325 326 327 328 329 330 332 331 333 334 341 342 338 335 336 337 339 340 343 344 345 346 347 348 349 350 351 352 353 354 355 357 358 356 359 360 361 389 365 366 363 364 367 368 385 369 370 371 372 373 374 378 375 376 379 377 380 381 382 383 384 386 387 388 390 391 392 393 394 395 396
264: 397 398
266: 397 398 399 400 401
267: 402
268: 402 403 404 405
269: 397 398 399 400 401 402 403 404 405 406 407
270: 408
271: 409 410 411
272: 408 412 409 410 411 413 414 415 416
273: 397 398 399 400 401 402 403 404 405 406 407 408 412 409 410 411 413 414 415 416 417
286: 408 397 398 399 400 401 402 403 404 405 406 407 412 409 410 411 413 414 415 416 417 418 419 420 421 422 423 424
287: 425 426 427
288: 425 426 427 397 398 399 400 401 402 403 404 405 406 407 408 412 409 410 411 413 414 415 416 417 428 429 430
289: 431 432 433
290: 425 426 427 397 398 399 400 401 402 403 404 405 406 407 408 412 409 410 411 413 414 415 416 417 428 429 430 434 431 432 433 435 436 437
291: 397 398 399 400 401 402 403 404 405 406 407 408 412 409 410 411 413 414 415 416 417 418 419 420 421 422 423 424 438 425 426 427 428 429 430 434 431 432 433 435 436 437 439 440 441 442
278: 443 444
279: 445 446 447
280: 448 449 450 451 452
281: 448 449 450 451 452 443 444 445 446 447 453 454
259: 455 456 457
283: 397 398 399 400 401 402 403 404 405 406 407 408 412 409 410 411 413 414 415 416 417 455 456 457 458 459
260: 460 461
262: 455 456 457 460 461 462 463 464
282: 455 456 457 397 398 399 400 401 402 403 404 405 406 407 408 412 409 410 411 413 414 415 416 417 465 466
284: 397 398 399 400 401 402 403 404 405 406 407 408 412 409 410 411 413 414 415 416 417 455 456 457 458 459 465 466 460 461 462 463 464 467 468 469
285: 448 449 450 451 452 443 444 445 446 447 453 454 470 397 398 399 400 401 402 403 404 405 406 407 408 412 409 410 411 413 414 415 416 417 455 456 457 458 459 465 466 460 461 462 463 464 467 468 469 471 472 473
261: 460 461 462 463
263: 455 456 457 474 460 461 462 463 475 476 477
274: 478
275: 479 480
276: 478 479 480 481 482 483 484 485
277: 478 479 480 481 482 483 484 485 397 398 399 400 401 402 403 404 405 406 407 408 412 409 410 411 413 414 415 416 417 455 456 457 474 460 461 462 463 475 476 477 486 487 488 489 490 491 492
292: 478 479 480 481 482 483 484 485 397 398 399 400 401 402 403 404 405 406 407 408 412 409 410 411 413 414 415 416 417 455 456 457 474 460 461 462 463 475 476 477 486 487 488 489 490 491 492 418 419 420 421 422 423 424 438 425 426 427 428 429 430 434 431 432 433 435 436 437 439 440 441 442 448 449 450 451 452 443 444 445 446 447 453 454 470 458 459 465 466 464 467 468 469 471 472 473 493 494 495 496 497 498 499
293: 445 500 501
294: 502 503
295: 445 500 501 504 502 503 505 506 507
296: 443 444 448 449 450 451 452 508 509
297: 397 398 399 400 401 402 403 404 405 406 407 408 412 409 410 411 413 414 415 416 417 418 419 420 421 422 423 424 438 425 426 427 428 429 430 434 431 432 433 435 436 437 439 440 441 442 443 444 445 446 447 510 511 512
298: 445 500 501 504 502 503 505 506 507 514 443 444 448 449 450 451 452 508 509 397 398 399 400 401 402 403 404 405 406 407 408 412 409 410 411 413 414 415 416 417 418 419 420 421 422 423 424 438 425 426 427 428 429 430 434 431 432 433 435 436 437 439 440 441 442 446 447 510 511 512 513 515 516 517
300: 448 449 450 451 452 443 444 445 446 447 453 454 397 398 399 400 401 402 403 404 405 406 407 408 412 409 410 411 413 414 415 416 417 455 456 457 458 459 465 466 460 461 462 463 464 467 468 469 518 519
299: 397 398 399 400 401 402 403 404 405 406 407 408 412 409 410 411 413 414 415 416 417 418 419 420 421 422 423 424 438 425 426 427 428 429 430 434 431 432 433 435 436 437 439 440 441 442 520
301: 448 449 450 451 452 443 444 445 446 447 453 454 397 398 399 400 401 402 403 404 405 406 407 408 412 409 410 411 413 414 415 416 417 455 456 457 458 459 465 466 460 461 462 463 464 467 468 469 518 519 418 419 420 421 422 423 424 438 425 426 427 428 429 430 434 431 432 433 435 436 437 439 440 441 442 520 521 522 523 524 525
302: 445 500 501 504 502 503 505 506 507 514 443 444 448 449 450 451 452 508 509 397 398 399 400 401 402 403 404 405 406 407 408 412 409 410 411 413 414 415 416 417 418 419 420 421 422 423 424 438 425 426 427 428 429 430 434 431 432 433 435 436 437 439 440 441 442 446 447 510 511 512 513 515 516 517 526 453 454 455 456 457 458 459 465 466 460 461 462 463 464 467 468 469 518 519 520 521 522 523 524 525 527 528 529
303: 478 479 480 481 482 483 484 485 397 398 399 400 401 402 403 404 405 406 407 408 412 409 410 411 413 414 415 416 417 455 456 457 474 460 461 462 463 475 476 477 486 487 488 489 490 491 492 418 419 420 421 422 423 424 438 425 426 427 428 429 430 434 431 432 433 435 436 437 439 440 441 442 448 449 450 451 452 443 444 445 446 447 453 454 470 458 459 465 466 464 467 468 469 471 472 473 493 494 495 496 497 498 499 530 500 501 504 502 503 505 506 507 514 508 509 510 511 512 513 515 516 517 526 518 519 520 521 522 523 524 525 527 528 529 531 532 533
304: 534 535
305: 534 535 536 537 538
306: 534 535 536 537 538 478 479 480 481 482 483 484 485 397 398 399 400 401 402 403 404 405 406 407 408 412 409 410 411 413 414 415 416 417 455 456 457 474 460 461 462 463 475 476 477 486 487 488 489 490 491 492 418 419 420 421 422 423 424 438 425 426 427 428 429 430 434 431 432 433 435 436 437 439 440 441 442 448 449 450 451 452 443 444 445 446 447 453 454 470 458 459 465 466 464 467 468 469 471 472 473 493 494 495 496 497 498 499 530 500 501 504 502 503 505 506 507 514 508 509 510 511 512 513 515 516 517 526 518 519 520 521 522 523 524 525 527 528 529 531 532 533 539 540 541
307: 432 542
308: 432 542 543 544 545
309: 546 431 432 433 547 548
310: 425 426 427 397 398 399 400 401 402 403 404 405 406 407 408 412 409 410 411 413 414 415 416 417 428 429 430 431 432 433 547 549 550 551
311: 425 426 427 397 398 399 400 401 402 403 404 405 406 407 408 412 409 410 411 413 414 415 416 417 428 429 430 418 419 420 421 422 423 424 438 434 431 432 433 435 436 437 439 440 441 442 546 547 548 552 553 549 550 551 554 555
312: 425 426 427 397 398 399 400 401 402 403 404 405 406 407 408 412 409 410 411 413 414 415 416 417 428 429 430 418 419 420 421 422 423 424 438 434 431 432 433 435 436 437 439 440 441 442 546 547 548 552 553 549 550 551 554 555 556
313: 425 426 427 397 398 399 400 401 402 403 404 405 406 407 408 412 409 410 411 413 414 415 416 417 428 429 430 418 419 420 421 422 423 424 438 434 431 432 433 435 436 437 439 440 441 442 546 547 548 552 553 549 550 551 554 555 556 534 535 536 537 538 478 479 480 481 482 483 484 485 455 456 457 474 460 461 462 463 475 476 477 486 487 488 489 490 491 492 448 449 450 451 452 443 444 445 446 447 453 454 470 458 459 465 466 464 467 468 469 471 472 473 493 494 495 496 497 498 499 530 500 501 504 502 503 505 506 507 514 508 509 510 511 512 513 515 516 517 526 518 519 520 521 522 523 524 525 527 528 529 531 532 533 539 540 541 557 542 543 544 545 558 559 560 561
314: 397 398 399 400 401 402 403 404 405 406 407 425 426 427 408 412 409 410 411 413 414 415 416 417 428 429 430 434 431 432 433 435 436 437 562 563 564 565
315: 397 398 399 400 401 402 403 404 405 408 406 407 412 409 410 411 413 414 415 416 417 418 419 420 421 422 423 424 425 426 427 428 429 430 434 431 432 433 435 436 437 562 563 564 565 566 567 568
316: 425 426 427 397 398 399 400 401 402 403 404 405 406 407 408 412 409 410 411 413 414 415 416 417 428 429 430 418 419 420 421 422 423 424 438 434 431 432 433 435 436 437 439 440 441 442 546 547 548 552 553 549 550 551 554 555 569 562 563 564 565 566 567 568 570 571
317: 397 398 399 400 401 402 403 404 405 408 406 407 412 409 410 411 413 414 415 416 417 418 419 420 421 422 423 424 425 426 427 428 429 430 434 431 432 433 435 436 437 562 563 564 565 566 567 568 572 438 439 440 441 442 546 547 548 552 553 549 550 551 554 555 556 534 535 536 537 538 478 479 480 481 482 483 484 485 455 456 457 474 460 461 462 463 475 476 477 486 487 488 489 490 491 492 448 449 450 451 452 443 444 445 446 447 453 454 470 458 459 465 466 464 467 468 469 471 472 473 493 494 495 496 497 498 499 530 500 501 504 502 503 505 506 507 514 508 509 510 511 512 513 515 516 517 526 518 519 520 521 522 523 524 525 527 528 529 531 532 533 539 540 541 557 542 543 544 545 558 559 560 561 569 570 571 573 574
318: 478 479 480 481 482 483 484 485 397 398 399 400 401 402 403 404 405 406 407 408 412 409 410 411 413 414 415 416 417 455 456 457 474 460 461 462 463 475 476 477 486 487 488 489 490 491 492 418 419 420 421 422 423 424 438 425 426 427 428 429 430 434 431 432 433 435 436 437 439 440 441 442 448 449 450 451 452 443 444 445 446 447 453 454 470 458 459 465 466 464 467 468 469 471 472 473 493 494 495 496 497 498 499 530 500 501 504 502 503 505 506 507 514 508 509 510 511 512 513 515 516 517 526 518 519 520 521 522 523 524 525 527 528 529 531 532 533 575 576 577
319: 448 449 450 451 452 443 444 445 446 447 453 454 470 397 398 399 400 401 402 403 404 405 406 407 408 412 409 410 411 413 414 415 416 417 455 456 457 458 459 465 466 460 461 462 463 464 467 468 469 471 472 473 578 478 479 480 481 482 483 484 485 474 475 476 477 486 487 488 489 490 491 492 579 580 581
320: 397 398 399 400 401 402 403 404 405 406 407 408 412 409 410 411 413 414 415 416 417 418 419 420 421 422 423 424 438 425 426 427 428 429 430 434 431 432 433 435 436 437 439 440 441 442 448 449 450 451 452 443 444 445 446 447 453 454 470 455 456 457 458 459 465 466 460 461 462 463 464 467 468 469 471 472 473 578 478 479 480 481 482 483 484 485 474 475 476 477 486 487 488 489 490 491 492 579 580 581 582 583 584 585
----------------------------------------

【xag】
386: 974 484 485 969 972 973 975 976 977 979 981 982 984 996 930 922 924 927 989 987 988 991 992 995 997 998 999 1016 931 932 1005 1006 1014 916 917 919 1002 1008 1009 1011 1015 1018 1019 1022 1030 1038 935 936 937 938 958 1025 890 892 486 489 491 898 899 901 903 941 943 945 953 492 874 875 876 882 873 877 878 879 880 883 864 867 870 948 949 950 955 1027 1040 1083 1041 1042 1067 1043 1045 1046 1061 1049 1051 1054 1057 1058 1062 1063 1064 1068 1069 1071 1076 1074 1077 1080 1078 1082 1085 1086 1089 1028 1031 1033 1036 1037 956 959 962 965 966 884 885 887 904 906 908 909 893 896 910 912 914 968 1092 1093
385: 974 484 485 969 972 973 975 976 977 979 981 982 984 996 930 922 924 927 989 987 988 991 992 995 997 998 999 1016 931 932 1005 1006 1014 916 917 919 1002 1008 1009 1011 1015 1018 1019 1022 1030 1038 935 936 937 938 958 1025 890 892 486 489 491 898 899 901 903 941 943 945 953 492 874 875 876 882 873 877 878 879 880 883 864 867 870 948 949 950 955 1027 1040 1083 1041 1042 1067 1043 1045 1046 1061 1049 1051 1054 1057 1058 1062 1063 1064 1068 1069 1071 1076 1074 1077 1080 1078 1082 1085 1086 1089
384: 974 484 485 969 972 973 975 976 977 979 981 982 984 997 1041 930 922 924 927 989 987 988 991 992 995 1042 1067 1043 1045 1046 1061 1049 1051 1054 1057 1058 1062 1063 1064 1068 1069 1071 931 932 1005 1006 1014 916 917 919 1002 1008 1009 1011 1015 1076 996 998 999 1018 1074 1077 1080 1078 1082
383: 974 484 485 969 972 973 975 976 977 979 981 982 984 996 930 922 924 927 989 987 988 991 992 995 997 998 999 1018 1074
382: 974 484 485 969 972 973 975 976 977 979 981 982 984 997 1041 930 922 924 927 989 987 988 991 992 995 1042 1067 1043 1045 1046 1061 1049 1051 1054 1057 1058 1062 1063 1064 1068 1069 1071
381: 981 1043 1045 1046 1061 1049 1051 1054 1057 1058 1062 1063 1064
380: 1049 1051 1054 1057 1058
379: 1049 1051 1054
378: 981 1043 1045 1046
363: 981
377: 974 484 485 969 972 973 975 976 977 979 981 982 984 997 1041 930 922 924 927 989 987 988 991 992 995 1042
376: 974 484 485 969 972 973 975 976 977 979 981 982 984 996 930 922 924 927 989 987 988 991 992 995 997 998 999 1016 931 932 1005 1006 1014 916 917 919 1002 1008 1009 1011 1015 1018 1019 1022 1030 1038 935 936 937 938 958 1025 890 892 486 489 491 898 899 901 903 941 943 945 953 492 874 875 876 882 873 877 878 879 880 883 864 867 870 948 949 950 955 1027 1040
375: 974 484 485 969 972 973 975 976 977 979 981 982 984 996 930 922 924 927 989 987 988 991 992 995 997 998 999 1016 931 932 1005 1006 1014 916 917 919 1002 1008 1009 1011 1015 1018 1019 1022 1028 935 936 937 938 958 1025 890 892 486 489 491 898 899 901 903 941 943 945 953 492 874 875 876 882 873 877 878 879 880 883 864 867 870 948 949 950 955 1027 1030 1031 1033 1036 1037
372: 981 982 984 996 930 922 924 927 989 987 988 991 992 995 997 998 999 1016 931 932 1005 1006 1014 916 917 919 1002 1008 1009 1011 1015 1018 1019 1022 1028 935 936 937 938 958 1025 890 892 486 484 485 489 491 898 899 901 903 941 943 945 953 492 874 875 876 882 873 877 878 879 880 883 864 867 870 948 949 950 955 1027 1030 1031 1033
371: 916 917 919 935 922 924 927 930 931 932 936 937 938 958 1025 890 892 486 484 485 489 491 898 899 901 903 941 943 945 953 492 874 875 876 882 873 877 878 879 880 883 864 867 870 948 949 950 955 1027
370: 981 982 984 996 930 922 924 927 989 987 988 991 992 995 997 998 999 1016 931 932 1005 1006 1014 916 917 919 1002 1008 1009 1011 1015 1018 1019 1022
369: 922 924 927 930 931 932 1005 1006 1014 916 917 919 1002 1008 1009 1011 1015
368: 922 924 927 930 931 932 1005 1006
356: 922 924 927 930 931 932 1002
367: 981 982 984 996 930 922 924 927 989 987 988 991 992 995 997 998 999
366: 930 922 924 927 989 987 988 991 992 995
365: 987 988
353: 930
364: 981 982 984
374: 974 484 485 969 972 973 975 976 977 979
373: 973
265: 484 485 969 972
362: 916 917 919 935 922 924 927 930 931 932 936 937 938 956 890 892 486 484 485 489 491 898 899 901 903 941 943 945 953 492 874 875 876 882 873 877 878 879 880 883 864 867 870 948 949 950 955 958 959 962 965 966 884 885 887 904 906 908 909 893 896 910 912 914 968
361: 916 917 919 935 922 924 927 930 931 932 936 937 938 956 890 892 486 484 485 489 491 898 899 901 903 941 943 945 953 492 874 875 876 882 873 877 878 879 880 883 864 867 870 948 949 950 955 958 959 962
360: 890 892 486 484 485 489 491 898 899 901 903 941 943 945 953 492 874 875 876 882 873 877 878 879 880 883 864 867 870 948 949 950 955
359: 943 945
358: 890 892 486 484 485 489 491 898 899 901 903 941
357: 916 917 919 935 922 924 927 930 931 932 936 937 938
355: 922 924 927 930 931 932
354: 922 924 927
352: 916 917 919
351: 486 484 485 489 491 898 899 901 903 884 885 887 904 906 908 909 890 892 893 896 864 867 870 492 874 875 876 882 873 877 878 879 880 883 910 912 914
350: 486 484 485 489 491 898 899 901 903 884 885 887 904 906 908 909
349: 486 484 485 489 491 898 899 901 903
348: 898 899 901
347: 890 892 884 885 887 893 896
345: 890 892
346: 884 885 887
344: 492 486 484 485 489 491 874 875 876 882 873 877 878 879 880 883
343: 877
342: 876
341: 492 486 484 485 489 491 874 875
340: 873
339: 864 867 870
338: 821 822 823 826 813 816 818 820 828 830 833 835 838 839 841 844 845 848 846 850 856 852 855 851 857 858 859 862
337: 813 816 852 855
336: 813 816 818 820 851
335: 821 822 823 826 813 816 818 820 828 830 833 835 838 839 841 844 845 848 846 850
334: 821 822 823 826 813 816 818 820 828 830 833 835 838 839 841
333: 821 822 823 826 813 816 818 820 828 830 833 835 838
330: 821 822 823 826
329: 821 822 823
332: 813 816 818 820
331: 813 816
328: 619 791 792 793 785 786 788 805 495 492 496 497 486 484 485 489 491 498 500 501 502 503 505 506 508 509 511 514 516 578 579 580 612 585 586 589 590 613 614 615 795 622 628 618 624 625 626 629 630 797 799 802 803 806 520 521 522 524 526 527 536 530 532 533 537 538 539 542 517 518 519 544 545 548 550 562 564 565 567 570 552 553 556 559 561 572 575 606 583 584 595 596 592 599 601 604 607 608 609 775 631 633 634 777 780 783 784 807 700 701 704 706 708 635 637 693 656 657 659 651 653 638 639 645 642 644 646 647 648 660 662 665 667 669 685 672 675 677 678 680 682 683 687 688 690 694 695 697 711 713 714 742 729 730 732 726 727 728 733 735 737 740 716 718 719 720 723 745 746 748 751 755 753 756 758 759 762 764 767 769 771 774 808 811
327: 619 791 792 793 785 786 788 805 495 492 496 497 486 484 485 489 491 498 500 501 502 503 505 506 508 509 511 514 516 578 579 580 612 585 586 589 590 613 614 615 795 622 628 618 624 625 626 629 630 797 799 802 803 806 520 521 522 524 526 527 536 530 532 533 537 538 539 542 517 518 519 544 545 548 550 562 564 565 567 570 552 553 556 559 561 572 575 606 583 584 595 596 592 599 601 604 607 608 609 775 631 633 634 777 780 783 784 807
326: 619 791 792 793 785 786 788 805 495 492 496 497 486 484 485 489 491 498 500 501 502 503 505 506 508 509 511 514 516 578 579 580 612 585 586 589 590 613 614 615 795 622 628 618 624 625 626 629 630 797 799 802 803 806
325: 495 492 496 497 486 484 485 489 491 498 500 501 502 503 505 506 508 509 511 514 516 578 579 580 612 585 586 589 590 613 614 615 795 619 622 628 618 624 625 626 629 630 797 799 802 803
324: 578 579 580 612 585 586 589 590 613 614 615 795 619 622 628 618 624 625 626 629 630 797 799
323: 619 791 792 793
322: 791
247: 266 272 274 264 340 265 267 268 269 270 276 277 282 283 279 284 341 343 333 310 311 314 316 317 318 334 336 338 300 293 294 295 296 297 301 285 286 287 289 291 302 303 306 307 308 321 322 323 324 327 328 330 344 346 348 435 437
252: 362 266 272 274 264 340 265 267 268 269 270 276 277 282 283 279 284 341 343 333 310 311 314 316 317 318 334 336 338 300 293 294 295 296 297 301 285 286 287 289 291 302 303 306 307 308 321 322 323 324 327 328 330 344 346 348 428 430 431 433 434
249: 266 272 274 264 340 265 267 268 269 270 276 277 282 283 279 284 341 343 333 310 311 314 316 317 318 334 336 338 300 293 294 295 296 297 301 285 286 287 289 291 302 303 306 307 308 321 322 323 324 327 328 330 344 346 348 428 430 431 433
246: 266 272 274 264 340 265 267 268 269 270 276 277 282 283 279 284 341 343 333 310 311 314 316 317 318 334 336 338 300 293 294 295 296 297 301 285 286 287 289 291 302 303 306 307 308 321 322 323 324 327 328 330 344 346 348 362 386 413 416 418 420 422 425
245: 362 386 413 416
244: 266 272 274 264 340 265 267 268 269 270 276 277 282 283 279 284 341 343 333 310 311 314 316 317 318 334 336 338 300 293 294 295 296 297 301 285 286 287 289 291 302 303 306 307 308 321 322 323 324 327 328 330 344 346 348 385 362 386 388 389 392 395 397 408 363 364 365 367 382 356 357 358 359 361 368 369 371 374 375 376 377 378 380 384 398 400 402 403 406 411
243: 385 362 386 388 389 398 400
241: 362 386 388 389
242: 385 362 386 388 389 392 395 397
240: 362 386
239: 385
225: 264 265 267 268 269 270 276 277 282 283 279 284 285 266 272 274 286 287 289 291 362 363 364 365 367 382 356 357 358 359 361 368 369 371 374 375 376 377 378 380 384
224: 362 368 369 371 363 374 375 376
223: 368 369 371
222: 362 363 364 365 367
221: 362
216: 356 264 265 267 268 269 270 276 277 357 358 359 361
210: 356
238: 266 272 274 264 340 265 267 268 269 270 276 277 282 283 279 284 341 343 333 310 311 314 316 317 318 334 336 338 300 293 294 295 296 297 301 285 286 287 289 291 302 303 306 307 308 321 322 323 324 327 328 330 344 346 348
237: 266 272 274 264 340 265 267 268 269 270 276 277 282 283 279 284 341 343
236: 265 279 333 267 268 269 264 266 310 311 314 316 317 318 334 336 338
235: 265 279 333
234: 264 265 267 268 269 270 276 277 282 283 279 284 285 266 272 274 286 287 289 291 300 293 294 295 296 297 301 321 322 323 324 327 310 311 314 316 317 318 328 330
233: 264 265 267 268 269 270 276 277 300 293 294 295 296 297 301 266 321 322 323 324
232: 266 310 311 314 316 317 318
231: 310
230: 264 265 267 268 269 270 276 277 300 293 294 295 296 297 301 282 283 279 284 285 266 272 274 286 287 289 291 302 303 306 307 308
206: 252 202 197 199 200 201 224 221 225 226 229 232 234 236 237 239 242 244 246 247 249 253 215 217 203 205 208 210 212 220 255 254 256
205: 252 202 197 199 200 201 224 221 225 226 229 232 234 236 237 239 242 244 246 247 249 253
204: 202 197 199 200 201 224 221 225 226 229 232 234 236 237 239 242 244 246 247 249
203: 226 229 232 234 236 237 239
202: 229
201: 226
200: 202 197 199 200 201 224 221 225
229: 266 302 303 306
199: 215 217 197 199 200 201 202 203 205 208 210 212 220
228: 264 265 267 268 269 270 276 277 300 293 294 295 296 297 301
198: 197 199 200 201 202 203 205 208 210 212
227: 294
256: 264 266 272 274 340 265 267 268 269 270 276 277 282 283 279 284 341 343 333 310 311 314 316 317 318 334 336 338 300 293 294 295 296 297 301 285 286 287 289 291 302 303 306 307 308 321 322 323 324 327 328 330 344 346 348 351 352 353 355 412
197: 202
226: 293
255: 266 272 274 264 340 265 267 268 269 270 276 277 282 283 279 284 341 343 333 310 311 314 316 317 318 334 336 338 300 293 294 295 296 297 301 285 286 287 289 291 302 303 306 307 308 321 322 323 324 327 328 330 344 346 348 351 352 353 355
196: 197 199 200 201
254: 266 272 274 264 340 265 267 268 269 270 276 277 282 283 279 284 341 343 333 310 311 314 316 317 318 334 336 338 300 293 294 295 296 297 301 285 286 287 289 291 302 303 306 307 308 321 322 323 324 327 328 330 344 346 348 351 352 353
195: 195 193 194 196
194: 193 194
321: 785 786 788
207: 252 202 197 199 200 201 224 221 225 226 229 232 234 236 237 239 242 244 246 247 249 253 215 217 203 205 208 210 212 220 255 254 256 195 193 194 196 257 258 259
208: 262 261 263
214: 264
212: 265
209: 266
211: 267 268 269
213: 265 267 268 269 270
217: 266 272 274
215: 264 265 267 268 269 270 276 277
218: 279
219: 264 265 267 268 269 270 276 277 282 283 279 284
220: 264 265 267 268 269 270 276 277 282 283 279 284 285 266 272 274 286 287 289 291
248: 440
250: 362 266 272 274 264 340 265 267 268 269 270 276 277 282 283 279 284 341 343 333 310 311 314 316 317 318 334 336 338 300 293 294 295 296 297 301 285 286 287 289 291 302 303 306 307 308 321 322 323 324 327 328 330 344 346 348 428 430 431 433 441
251: 266 272 274 264 340 265 267 268 269 270 276 277 282 283 279 284 341 343 333 310 311 314 316 317 318 334 336 338 300 293 294 295 296 297 301 285 286 287 289 291 302 303 306 307 308 321 322 323 324 327 328 330 344 346 348 435 437 444 362 428 430 431 433 441 440 446 447 449 452
253: 266 272 274 264 340 265 267 268 269 270 276 277 282 283 279 284 341 343 333 310 311 314 316 317 318 334 336 338 300 293 294 295 296 297 301 285 286 287 289 291 302 303 306 307 308 321 322 323 324 327 328 330 344 346 348 435 437 444 362 428 430 431 433 441 440 446 447 449 452 434 385 386 413 416 418 420 422 425 454 457 460 462 463
257: 266 272 274 264 340 265 267 268 269 270 276 277 282 283 279 284 341 343 333 310 311 314 316 317 318 334 336 338 300 293 294 295 296 297 301 285 286 287 289 291 302 303 306 307 308 321 322 323 324 327 328 330 344 346 348 385 362 386 388 389 392 395 397 408 363 364 365 367 382 356 357 358 359 361 368 369 371 374 375 376 377 378 380 384 398 400 402 403 406 411 466 351 352 353 355 412 435 437 444 428 430 431 433 441 440 446 447 449 452 434 413 416 418 420 422 425 454 457 460 462 463 468 469 472 475
258: 265 266 272 274 264 340 267 268 269 270 276 277 282 283 279 284 341 343 333 310 311 314 316 317 318 334 336 338 300 293 294 295 296 297 301 285 286 287 289 291 302 303 306 307 308 321 322 323 324 327 328 330 344 346 348 385 362 386 388 389 392 395 397 408 363 364 365 367 382 356 357 358 359 361 368 369 371 374 375 376 377 378 380 384 398 400 402 403 406 411 466 351 352 353 355 412 435 437 444 428 430 431 433 441 440 446 447 449 452 434 413 416 418 420 422 425 454 457 460 462 463 468 469 472 475 477 480 483
264: 484 485
266: 486 484 485 489 491
267: 492
268: 495 492 496 497
269: 495 492 496 497 486 484 485 489 491 498 500
270: 501
271: 502 503 505
272: 501 502 503 505 506 508 509 511 514
273: 495 492 496 497 486 484 485 489 491 498 500 501 502 503 505 506 508 509 511 514 516
286: 495 492 496 497 486 484 485 489 491 498 500 501 502 503 505 506 508 509 511 514 516 517 518 519
287: 520 521 522
288: 520 521 522 495 492 496 497 486 484 485 489 491 498 500 501 502 503 505 506 508 509 511 514 516 524 526 527
289: 530 532 533
290: 520 521 522 495 492 496 497 486 484 485 489 491 498 500 501 502 503 505 506 508 509 511 514 516 524 526 527 536 530 532 533 537 538 539
291: 520 521 522 495 492 496 497 486 484 485 489 491 498 500 501 502 503 505 506 508 509 511 514 516 524 526 527 536 530 532 533 537 538 539 542 517 518 519 544 545 548 550
278: 552 553
279: 556 559 561
280: 562 564 565 567 570
281: 562 564 565 567 570 552 553 556 559 561 572 575
259: 578 579 580
283: 578 579 580 495 492 496 497 486 484 485 489 491 498 500 501 502 503 505 506 508 509 511 514 516 583 584
260: 585 586
262: 578 579 580 585 586 589 590 592
282: 578 579 580 495 492 496 497 486 484 485 489 491 498 500 501 502 503 505 506 508 509 511 514 516 595 596
284: 578 579 580 495 492 496 497 486 484 485 489 491 498 500 501 502 503 505 506 508 509 511 514 516 583 584 595 596 585 586 589 590 592 599 601 604
285: 562 564 565 567 570 552 553 556 559 561 572 575 606 578 579 580 495 492 496 497 486 484 485 489 491 498 500 501 502 503 505 506 508 509 511 514 516 583 584 595 596 585 586 589 590 592 599 601 604 607 608 609
261: 585 586 589 590
263: 578 579 580 612 585 586 589 590 613 614 615
274: 618
275: 619 622
276: 619 622 628 618 624 625 626 629
277: 495 492 496 497 486 484 485 489 491 498 500 501 502 503 505 506 508 509 511 514 516 578 579 580 612 585 586 589 590 613 614 615 630 631 619 622 628 618 624 625 626 629 633
292: 520 521 522 495 492 496 497 486 484 485 489 491 498 500 501 502 503 505 506 508 509 511 514 516 524 526 527 536 530 532 533 537 538 539 542 517 518 519 544 545 548 550 562 564 565 567 570 552 553 556 559 561 572 575 606 578 579 580 583 584 595 596 585 586 589 590 592 599 601 604 607 608 609 634 635 612 613 614 615 630 631 619 622 628 618 624 625 626 629 633 637
293: 556 638 639
294: 642 644
295: 556 638 639 645 642 644 646 647 648
296: 552 553 562 564 565 567 570 651 653
297: 520 521 522 495 492 496 497 486 484 485 489 491 498 500 501 502 503 505 506 508 509 511 514 516 524 526 527 536 530 532 533 537 538 539 542 517 518 519 544 545 548 550 656 552 553 556 559 561 657 659
298: 520 521 522 495 492 496 497 486 484 485 489 491 498 500 501 502 503 505 506 508 509 511 514 516 524 526 527 536 530 532 533 537 538 539 542 517 518 519 544 545 548 550 656 552 553 556 559 561 657 659 562 564 565 567 570 651 653 638 639 645 642 644 646 647 648 660 662 665 667 669
300: 578 579 580 495 492 496 497 486 484 485 489 491 498 500 501 502 503 505 506 508 509 511 514 516 583 584 595 596 585 586 589 590 592 599 601 604 562 564 565 567 570 552 553 556 559 561 572 575 672 675
299: 520 521 522 495 492 496 497 486 484 485 489 491 498 500 501 502 503 505 506 508 509 511 514 516 524 526 527 536 530 532 533 537 538 539 542 517 518 519 544 545 548 550 677
301: 578 579 580 495 492 496 497 486 484 485 489 491 498 500 501 502 503 505 506 508 509 511 514 516 583 584 595 596 585 586 589 590 592 599 601 604 562 564 565 567 570 552 553 556 559 561 572 575 672 675 520 521 522 524 526 527 536 530 532 533 537 538 539 542 517 518 519 544 545 548 550 677 678 680 682 683
302: 520 521 522 495 492 496 497 486 484 485 489 491 498 500 501 502 503 505 506 508 509 511 514 516 524 526 527 536 530 532 533 537 538 539 542 517 518 519 544 545 548 550 656 552 553 556 559 561 657 659 562 564 565 567 570 651 653 638 639 645 642 644 646 647 648 660 662 665 667 669 685 578 579 580 583 584 595 596 585 586 589 590 592 599 601 604 572 575 672 675 677 678 680 682 683 687 688 690
303: 520 521 522 495 492 496 497 486 484 485 489 491 498 500 501 502 503 505 506 508 509 511 514 516 524 526 527 536 530 532 533 537 538 539 542 517 518 519 544 545 548 550 562 564 565 567 570 552 553 556 559 561 572 575 606 578 579 580 583 584 595 596 585 586 589 590 592 599 601 604 607 608 609 634 635 612 613 614 615 630 631 619 622 628 618 624 625 626 629 633 637 693 656 657 659 651 653 638 639 645 642 644 646 647 648 660 662 665 667 669 685 672 675 677 678 680 682 683 687 688 690 694 695 697
304: 700 701
305: 700 701 704 706 708
306: 700 701 704 706 708 520 521 522 495 492 496 497 486 484 485 489 491 498 500 501 502 503 505 506 508 509 511 514 516 524 526 527 536 530 532 533 537 538 539 542 517 518 519 544 545 548 550 562 564 565 567 570 552 553 556 559 561 572 575 606 578 579 580 583 584 595 596 585 586 589 590 592 599 601 604 607 608 609 634 635 612 613 614 615 630 631 619 622 628 618 624 625 626 629 633 637 693 656 657 659 651 653 638 639 645 642 644 646 647 648 660 662 665 667 669 685 672 675 677 678 680 682 683 687 688 690 694 695 697 711 713 714
307: 716 718
308: 716 718 719 720 723
309: 530 532 533 726 727 728
310: 520 521 522 495 492 496 497 486 484 485 489 491 498 500 501 502 503 505 506 508 509 511 514 516 524 526 527 530 532 533 729 730
311: 520 521 522 495 492 496 497 486 484 485 489 491 498 500 501 502 503 505 506 508 509 511 514 516 524 526 527 536 530 532 533 537 538 539 542 517 518 519 544 545 548 550 729 730 732 726 727 728 733 735 737
312: 520 521 522 495 492 496 497 486 484 485 489 491 498 500 501 502 503 505 506 508 509 511 514 516 524 526 527 536 530 532 533 537 538 539 542 517 518 519 544 545 548 550 729 730 732 726 727 728 733 735 737 740
313: 700 701 704 706 708 520 521 522 495 492 496 497 486 484 485 489 491 498 500 501 502 503 505 506 508 509 511 514 516 524 526 527 536 530 532 533 537 538 539 542 517 518 519 544 545 548 550 562 564 565 567 570 552 553 556 559 561 572 575 606 578 579 580 583 584 595 596 585 586 589 590 592 599 601 604 607 608 609 634 635 612 613 614 615 630 631 619 622 628 618 624 625 626 629 633 637 693 656 657 659 651 653 638 639 645 642 644 646 647 648 660 662 665 667 669 685 672 675 677 678 680 682 683 687 688 690 694 695 697 711 713 714 742 729 730 732 726 727 728 733 735 737 740 716 718 719 720 723 745 746 748 751
314: 495 492 496 497 486 484 485 489 491 498 500 520 521 522 501 502 503 505 506 508 509 511 514 516 524 526 527 536 530 532 533 537 538 539 544 753
315: 486 484 485 489 491 495 492 496 497 755 498 500 501 502 503 505 506 508 509 511 514 516 517 518 519 520 521 522 524 526 527 536 530 532 533 537 538 539 544 753 756 758
316: 495 492 496 497 486 484 485 489 491 498 500 755 501 502 503 505 506 508 509 511 514 516 517 518 519 520 521 522 524 526 527 536 530 532 533 537 538 539 544 753 756 758 759 542 545 548 550 729 730 732 726 727 728 733 735 737 762 764
317: 700 701 704 706 708 520 521 522 495 492 496 497 486 484 485 489 491 498 500 501 502 503 505 506 508 509 511 514 516 524 526 527 536 530 532 533 537 538 539 542 517 518 519 544 545 548 550 562 564 565 567 570 552 553 556 559 561 572 575 606 578 579 580 583 584 595 596 585 586 589 590 592 599 601 604 607 608 609 634 635 612 613 614 615 630 631 619 622 628 618 624 625 626 629 633 637 693 656 657 659 651 653 638 639 645 642 644 646 647 648 660 662 665 667 669 685 672 675 677 678 680 682 683 687 688 690 694 695 697 711 713 714 742 729 730 732 726 727 728 733 735 737 740 716 718 719 720 723 745 746 748 751 755 753 756 758 759 762 764 767 769 771
318: 520 521 522 495 492 496 497 486 484 485 489 491 498 500 501 502 503 505 506 508 509 511 514 516 524 526 527 536 530 532 533 537 538 539 542 517 518 519 544 545 548 550 562 564 565 567 570 552 553 556 559 561 572 575 606 578 579 580 583 584 595 596 585 586 589 590 592 599 601 604 607 608 609 634 635 612 613 614 615 630 631 619 622 628 618 624 625 626 629 633 637 693 656 657 659 651 653 638 639 645 642 644 646 647 648 660 662 665 667 669 685 672 675 677 678 680 682 683 687 688 690 694 695 697 774
319: 562 564 565 567 570 552 553 556 559 561 572 575 606 578 579 580 495 492 496 497 486 484 485 489 491 498 500 501 502 503 505 506 508 509 511 514 516 583 584 595 596 585 586 589 590 592 599 601 604 607 608 609 775 612 613 614 615 630 631 619 622 628 618 624 625 626 629 633 634 777 780
320: 520 521 522 495 492 496 497 486 484 485 489 491 498 500 501 502 503 505 506 508 509 511 514 516 524 526 527 536 530 532 533 537 538 539 542 517 518 519 544 545 548 550 562 564 565 567 570 552 553 556 559 561 572 575 606 578 579 580 583 584 595 596 585 586 589 590 592 599 601 604 607 608 609 775 612 613 614 615 630 631 619 622 628 618 624 625 626 629 633 634 777 780 783 784
----------------------------------------

【mig】
386: 802 803 804 806 807 809 810 489 487 488 491 493 812 814 816 817 818 819 820 822 823 780 782 784 791 786 790 495 787 788 792 794 796 798 800 825 826 827 829 830 832 834 836 837 839 840 842 843 851 853 845 847 849 855 857 859 860 861 863 865 867 868 870 871 880 881 882 884 885 886 888 890 892 894 896 898 899 900 901 903 905 906 908 910 911 913 914 916 918 873 875 877 878 879 919 920 968 922 924 925 927 928 930 931 933 934 936 938 940 941 943 944 946 947 949 951 953 955 957 959 960 962 964 966 969 971
385: 780 782 784 791 786 790 495 489 487 488 491 493 787 788 792 794 796 798 800 851 853 812 814 816 817 845 847 849 855 857 859 860 861 829 830 832 834 836 837 839 840 842 843 863 910 911 913 914 873 875 877 878 879 880 881 882 884 885 886 888 890 892 894 896 898 899 900 901 903 905 906 908 922 924 925 927 928 930 931 933 934 936 938 940 941 943 944 946 947 949 951 953 955 957 959 960 962 964 966
384: 839 884 885 886 834 836 837 888 890 892 487 488 873 875 877 878 879 880 881 882 894 930 931 933 934 936 938 940 941 943 944 946 947 949 951 840 842 896 829 830 832 898 899 900 901 903 905 906 953 955 957 959 960 962 964
383: 880 881 882 839 884 885 886 834 836 837 888 890 892 894 953 487 488 873 875 877 878 879 955 957
382: 839 884 885 886 834 836 837 888 890 892 487 488 873 875 877 878 879 880 881 882 894 930 931 933 934 936 938 940 941 943 944 946 947 949 951
381: 880 936 938 940 941 943 944 946 947 949
380: 941 943 944 946 947
379: 941 943 944
378: 880 936 938 940
363: 880
377: 839 884 885 886 834 836 837 888 890 892 487 488 873 875 877 878 879 880 881 882 894 930 931 933 934
376: 780 782 784 791 786 790 495 489 487 488 491 493 787 788 792 794 796 798 800 851 853 812 814 816 817 845 847 849 855 857 859 860 861 829 830 832 834 836 837 839 840 842 843 863 910 911 913 914 873 875 877 878 879 880 881 882 884 885 886 888 890 892 894 896 898 899 900 901 903 905 906 908 922 924 925 927 928
375: 880 881 882 839 884 885 886 834 836 837 888 890 892 894 840 842 896 829 830 832 898 899 900 901 903 905 906 908 780 782 784 791 786 790 495 489 487 488 491 493 787 788 792 794 796 798 800 851 853 812 814 816 817 845 847 849 855 857 859 860 861 843 863 910 911 913 914 916 918 873 875 877 878 879 919 920
372: 880 881 882 839 884 885 886 834 836 837 888 890 892 894 840 842 896 829 830 832 898 899 900 901 903 905 906 908 780 782 784 791 786 790 495 489 487 488 491 493 787 788 792 794 796 798 800 851 853 812 814 816 817 845 847 849 855 857 859 860 861 843 863 910 911 913 914 916
371: 780 782 784 791 786 790 495 489 487 488 491 493 787 788 792 794 796 798 800 851 853 812 814 816 817 845 847 849 855 857 859 860 861 829 830 832 834 836 837 839 840 842 843 863 910 911 913 914
370: 880 881 882 839 884 885 886 834 836 837 888 890 892 894 840 842 896 829 830 832 898 899 900 901 903 905 906 908
369: 834 836 837 839 840 842 896 829 830 832 898 899 900 901 903 905 906
368: 834 836 837 839 840 842 898 899
356: 834 836 837 839 840 842 896
367: 880 881 882 839 884 885 886 834 836 837 888 890 892 894
366: 839 884 885 886 834 836 837 888 890 892
365: 884 885
353: 839
364: 880 881 882
374: 487 488 873 875 877 878 879
373: 877
265: 487 488 873 875
362: 802 803 804 806 807 809 810 489 487 488 491 493 812 814 816 817 818 819 820 822 823 780 782 784 791 786 790 495 787 788 792 794 796 798 800 825 826 827 829 830 832 834 836 837 839 840 842 843 851 853 845 847 849 855 857 859 860 861 863 865 867 868 870 871
361: 829 830 832 834 836 837 839 840 842 843 780 782 784 791 786 790 495 489 487 488 491 493 787 788 792 794 796 798 800 851 853 812 814 816 817 845 847 849 855 857 859 860 861 863
360: 780 782 784 791 786 790 495 489 487 488 491 493 787 788 792 794 796 798 800 851 853 812 814 816 817 845 847 849 855 857 859 860 861
359: 851 853
358: 489 487 488 491 493 812 814 816 817 845 847 849
357: 829 830 832 834 836 837 839 840 842 843
355: 834 836 837 839 840 842
354: 834 836 837
352: 829 830 832
351: 802 803 804 806 807 809 810 489 487 488 491 493 812 814 816 817 818 819 820 822 823 780 782 784 791 786 790 495 787 788 792 794 796 798 800 825 826 827
350: 802 803 804 489 487 488 491 493 812 814 816 817 818 819 820 822 823
349: 489 487 488 491 493 812 814 816 817
348: 812 814 816
347: 802 803 804 806 807 809 810
345: 806 807
346: 802 803 804
344: 791 786 790 495 489 487 488 491 493 787 788 792 794 796 798 800
343: 791
342: 790
341: 495 489 487 488 491 493 787 788
340: 786
339: 780 782 784
338: 742 744 746 776 748 755 749 750 752 753 756 758 759 761 762 763 765 766 768 770 771 773 774 778 779
337: 742 744 746 776
336: 742 744 746 748 771 773 774
335: 742 744 746 748 755 749 750 752 753 756 758 759 761 762 763 765 766 768 770
334: 742 744 746 748 755 749 750 752 753 756 758 759 761 762 763
333: 742 744 746 748 755 749 750 752 753 756 758 759 761
330: 749 750 752 753
329: 749 750 752
332: 742 744 746 748
331: 742 744
328: 545 547 539 540 542 543 544 549 550 489 487 488 491 493 497 495 498 500 501 502 504 505 506 508 509 511 513 551 552 554 555 556 563 564 565 557 558 560 561 562 567 569 571 578 579 581 582 583 585 586 588 573 574 576 590 592 593 595 596 707 708 514 516 518 519 521 522 524 526 528 529 531 533 534 536 538 710 712 722 724 726 713 714 715 717 718 719 720 727 729 731 733 735 737 683 685 687 689 691 665 667 669 671 660 661 663 672 674 676 678 640 641 643 645 646 648 598 600 601 603 604 606 608 610 612 613 615 617 618 619 620 621 622 624 630 631 626 628 632 633 635 637 639 649 650 652 653 655 657 658 680 681 692 694 696 697 699 700 702 704 705 739 740
327: 545 547 539 540 542 543 544 549 550 489 487 488 491 493 497 495 498 500 501 502 504 505 506 508 509 511 513 551 552 554 555 556 563 564 565 557 558 560 561 562 567 569 571 578 579 581 582 583 585 586 588 573 574 576 590 592 593 595 596 707 708 514 516 518 519 521 522 524 526 528 529 531 533 534 536 538 710 712 722 724 726 713 714 715 717 718 719 720 727 729 731 733 735 737
326: 551 552 554 557 558 573 574 576 578 579 581 582 583 585 586 588 590 722 489 487 488 491 493 497 495 498 500 501 502 504 505 506 508 509 511 513 724 726 713 714 715 717 718 719 720 727 729 731
325: 551 552 554 557 558 573 574 576 578 579 581 582 583 585 586 588 590 722 489 487 488 491 493 497 495 498 500 501 502 504 505 506 508 509 511 513 724 726
324: 551 552 554 557 558 573 574 576 578 579 581 582 583 585 586 588 590
323: 717 718 579 719 720
322: 717
247: 283 284 286 349 350 352 354 268 270 271 278 280 281 336 337 338 355 357 293 294 296 298 287 289 291 300 302 305 303 306 308 310 312 358 360 361 318 317 319 320 322 324 325 314 316 327 329 331 333 334 339 341 343 345 346 347 363 364 365 467 468
252: 458 283 284 286 349 350 352 354 268 270 271 278 280 281 336 337 338 355 357 293 294 296 298 287 289 291 300 302 305 303 306 308 310 312 358 360 361 318 317 319 320 322 324 325 314 316 327 329 331 333 334 339 341 343 345 346 347 363 364 365 460 462 464 465 466
249: 458 283 284 286 349 350 352 354 268 270 271 278 280 281 336 337 338 355 357 293 294 296 298 287 289 291 300 302 305 303 306 308 310 312 358 360 361 318 317 319 320 322 324 325 314 316 327 329 331 333 334 339 341 343 345 346 347 363 364 365 460 462 464
246: 384 447 449 451 283 284 286 349 350 352 354 268 270 271 278 280 281 336 337 338 355 357 293 294 296 298 287 289 291 300 302 305 303 306 308 310 312 358 360 361 318 317 319 320 322 324 325 314 316 327 329 331 333 334 339 341 343 345 346 347 363 364 365 452 453 455 456
245: 384 447 449 451
244: 384 417 426 428 429 430 431 392 393 394 396 397 398 400 377 378 298 287 283 284 286 289 291 300 302 379 380 382 385 387 389 391 268 270 271 293 294 296 305 303 306 308 310 312 314 316 402 404 406 408 410 412 414 415 418 419 420 422 424 349 350 352 354 278 280 281 336 337 338 355 357 358 360 361 318 317 319 320 322 324 325 327 329 331 333 334 339 341 343 345 346 347 363 364 365 433 435 437 439 441
243: 384 417 426 428 429 430 431
241: 384 417 426 428
242: 412 414 415 384 417 418 419 420 422 424
240: 384 417
239: 412 414 415
225: 384 392 393 394 396 397 398 400 377 378 298 287 283 284 286 289 291 300 302 379 380 382 385 387 389 391 268 270 271 293 294 296 305 303 306 308 310 312 314 316 402 404 406 408 410
224: 384 392 393 394 396 397 398 400
223: 392 393 394
222: 384 385 387 389 391
221: 384
216: 377 378 298 287 283 284 286 289 291 300 302 379 380 382
210: 377
238: 283 284 286 349 350 352 354 268 270 271 278 280 281 336 337 338 355 357 293 294 296 298 287 289 291 300 302 305 303 306 308 310 312 358 360 361 318 317 319 320 322 324 325 314 316 327 329 331 333 334 339 341 343 345 346 347 363 364 365
237: 268 270 271 293 294 296 298 287 283 284 286 289 291 300 302 305 303 306 308 310 312 358 360 361
236: 283 284 286 349 350 352 354 268 270 271 278 280 281 336 337 338 355 357
235: 349 350 352
234: 278 280 281 336 337 338 287 283 284 286 289 291 268 270 271 293 294 296 298 300 302 305 303 306 308 310 312 314 316 318 317 319 320 322 324 325 339 341 343 345 346 347
233: 278 280 281 318 317 298 287 283 284 286 289 291 300 302 319 320 322 324 325 339 341 343
232: 278 280 281 336 337 338
231: 336
230: 318 317 298 287 283 284 286 289 291 300 302 319 320 322 324 325 268 270 271 293 294 296 305 303 306 308 310 312 314 316 327 329 331 333 334
206: 204 205 207 209 211 212 214 216 218 220 222 224 242 226 228 230 232 234 236 237 239 240 243 245 247 249 250 252 254
205: 242 204 205 207 209 211 212 226 228 230 232 234 236 237 239 240 243 245 247
204: 204 205 207 209 211 212 226 228 230 232 234 236 237 239 240
203: 232 234 236 237
202: 234
201: 232
200: 204 205 207 209 211 212 226 228 230
229: 327 329 331
199: 204 205 207 209 211 212 214 216 218 220 222 224
228: 318 317 298 287 283 284 286 289 291 300 302 319 320 322 324 325
198: 204 205 207 209 211 212 214
227: 318
256: 443 336 278 280 281 337 367 283 284 286 349 350 352 354 268 270 271 338 355 357 293 294 296 298 287 289 291 300 302 305 303 306 308 310 312 358 360 361 318 317 319 320 322 324 325 314 316 327 329 331 333 334 339 341 343 345 346 347 363 364 365 369 371 372 373 375 444 445
197: 211
226: 317
255: 336 278 280 281 337 367 283 284 286 349 350 352 354 268 270 271 338 355 357 293 294 296 298 287 289 291 300 302 305 303 306 308 310 312 358 360 361 318 317 319 320 322 324 325 314 316 327 329 331 333 334 339 341 343 345 346 347 363 364 365 369 371 372 373 375
196: 204 205 207 209
254: 278 280 281 337 367 283 284 286 349 350 352 354 268 270 271 336 338 355 357 293 294 296 298 287 289 291 300 302 305 303 306 308 310 312 358 360 361 318 317 319 320 322 324 325 314 316 327 329 331 333 334 339 341 343 345 346 347 363 364 365 369 371
195: 197 193 195 198 200 202
194: 193 195
321: 713 714 715
207: 197 193 195 198 200 202 204 205 207 209 211 212 214 216 218 220 222 224 242 226 228 230 232 234 236 237 239 240 243 245 247 249 250 252 254 256 258 260
208: 261 262 263 265 266
214: 268 270 271
212: 273 275 276
209: 278 280 281
211: 283 284 286
213: 287 283 284 286 289 291
217: 293 294 296
215: 298 287 283 284 286 289 291 300 302
218: 303
219: 298 287 283 284 286 289 291 300 302 305 303 306 308 310 312
220: 287 283 284 286 289 291 268 270 271 293 294 296 298 300 302 305 303 306 308 310 312 314 316
248: 470
250: 384 458 283 284 286 349 350 352 354 268 270 271 278 280 281 336 337 338 355 357 293 294 296 298 287 289 291 300 302 305 303 306 308 310 312 358 360 361 318 317 319 320 322 324 325 314 316 327 329 331 333 334 339 341 343 345 346 347 363 364 365 460 462 464 471
251: 384 458 283 284 286 349 350 352 354 268 270 271 278 280 281 336 337 338 355 357 293 294 296 298 287 289 291 300 302 305 303 306 308 310 312 358 360 361 318 317 319 320 322 324 325 314 316 327 329 331 333 334 339 341 343 345 346 347 363 364 365 460 462 464 471 467 468 470 473 475
253: 412 414 415 384 447 449 451 283 284 286 349 350 352 354 268 270 271 278 280 281 336 337 338 355 357 293 294 296 298 287 289 291 300 302 305 303 306 308 310 312 358 360 361 318 317 319 320 322 324 325 314 316 327 329 331 333 334 339 341 343 345 346 347 363 364 365 452 453 455 456 458 460 462 464 465 466 471 467 468 470 473 475 476 478
257: 443 336 278 280 281 337 367 283 284 286 349 350 352 354 268 270 271 338 355 357 293 294 296 298 287 289 291 300 302 305 303 306 308 310 312 358 360 361 318 317 319 320 322 324 325 314 316 327 329 331 333 334 339 341 343 345 346 347 363 364 365 369 371 372 373 375 444 445 384 417 426 428 429 430 431 392 393 394 396 397 398 400 377 378 379 380 382 385 387 389 391 402 404 406 408 410 412 414 415 418 419 420 422 424 433 435 437 439 441 447 449 451 452 453 455 456 458 460 462 464 465 466 471 467 468 470 473 475 476 478 480 482
258: 273 275 276 443 336 278 280 281 337 367 283 284 286 349 350 352 354 268 270 271 338 355 357 293 294 296 298 287 289 291 300 302 305 303 306 308 310 312 358 360 361 318 317 319 320 322 324 325 314 316 327 329 331 333 334 339 341 343 345 346 347 363 364 365 369 371 372 373 375 444 445 384 417 426 428 429 430 431 392 393 394 396 397 398 400 377 378 379 380 382 385 387 389 391 402 404 406 408 410 412 414 415 418 419 420 422 424 433 435 437 439 441 447 449 451 452 453 455 456 458 460 462 464 465 466 471 467 468 470 473 475 476 478 480 482 484 485 486
264: 487 488
266: 489 487 488 491 493
267: 495
268: 497 495 498 500
269: 489 487 488 491 493 497 495 498 500 501 502
270: 504
271: 505 506 508
272: 504 505 506 508 509 511
273: 489 487 488 491 493 497 495 498 500 501 502 504 505 506 508 509 511 513
286: 504 505 506 508 509 489 487 488 491 493 497 495 498 500 501 502 511 513 514 516 518 519
287: 505 521 522
288: 505 521 522 524 489 487 488 491 493 497 495 498 500 501 502 504 506 508 509 511 513 526 528
289: 529 531 533
290: 505 521 522 524 489 487 488 491 493 497 495 498 500 501 502 504 506 508 509 511 513 526 528 529 531 533 534
291: 489 487 488 491 493 497 495 498 500 501 502 504 505 506 508 509 511 513 514 516 518 519 521 522 524 526 528 529 531 533 534 536 538
278: 539 540
279: 542 543 544
280: 545 547
281: 545 547 539 540 542 543 544 549 550
259: 551 552 554
283: 489 487 488 491 493 497 495 498 500 501 502 504 505 506 508 509 511 513 551 552 554 555 556
260: 557 558
262: 551 552 554 557 558 560 561 562
282: 551 552 554 489 487 488 491 493 497 495 498 500 501 502 504 505 506 508 509 511 513 563 564
284: 489 487 488 491 493 497 495 498 500 501 502 504 505 506 508 509 511 513 551 552 554 555 556 563 564 565 557 558 560 561 562 567 569
285: 545 547 539 540 542 543 544 549 550 489 487 488 491 493 497 495 498 500 501 502 504 505 506 508 509 511 513 551 552 554 555 556 563 564 565 557 558 560 561 562 567 569 571
261: 557 558 573 574
263: 551 552 554 557 558 573 574 576
274: 578
275: 579 581
276: 578 579 581 582 583 585 586 588
277: 578 579 581 582 583 585 586 588 489 487 488 491 493 497 495 498 500 501 502 504 505 506 508 509 511 513 551 552 554 557 558 573 574 576 590 592 593 595 596
292: 578 579 581 582 583 585 586 588 489 487 488 491 493 497 495 498 500 501 502 504 505 506 508 509 511 513 551 552 554 557 558 573 574 576 590 592 593 595 596 514 516 518 519 521 522 524 526 528 529 531 533 534 536 538 545 547 539 540 542 543 544 549 550 555 556 563 564 565 560 561 562 567 569 571 598 600 601 603 604
293: 606 608 610
294: 612 613
295: 606 608 610 612 613 615
296: 539 540 545 547 617 618
297: 489 487 488 491 493 497 495 498 500 501 502 504 505 506 508 509 511 513 514 516 518 519 521 522 524 526 528 529 531 533 534 536 538 619 539 540 542 543 544 620 621
298: 606 608 610 612 613 615 539 540 545 547 617 618 489 487 488 491 493 497 495 498 500 501 502 504 505 506 508 509 511 513 514 516 518 519 521 522 524 526 528 529 531 533 534 536 538 619 542 543 544 620 621 622 624
300: 545 547 539 540 542 543 544 549 550 489 487 488 491 493 497 495 498 500 501 502 504 505 506 508 509 511 513 551 552 554 555 556 563 564 565 557 558 560 561 562 567 569 626 628
299: 489 487 488 491 493 497 495 498 500 501 502 504 505 506 508 509 511 513 514 516 518 519 521 522 524 526 528 529 531 533 534 536 538 630
301: 489 487 488 491 493 497 495 498 500 501 502 504 505 506 508 509 511 513 551 552 554 555 556 563 564 565 557 558 560 561 562 567 569 514 516 518 519 521 522 524 526 528 529 531 533 534 536 538 630 631 545 547 539 540 542 543 544 549 550 626 628 632 633 635
302: 606 608 610 612 613 615 539 540 545 547 617 618 489 487 488 491 493 497 495 498 500 501 502 504 505 506 508 509 511 513 514 516 518 519 521 522 524 526 528 529 531 533 534 536 538 619 542 543 544 620 621 622 624 551 552 554 555 556 563 564 565 557 558 560 561 562 567 569 630 631 549 550 626 628 632 633 635 637
303: 578 579 581 582 583 585 586 588 489 487 488 491 493 497 495 498 500 501 502 504 505 506 508 509 511 513 551 552 554 557 558 573 574 576 590 592 593 595 596 514 516 518 519 521 522 524 526 528 529 531 533 534 536 538 545 547 539 540 542 543 544 549 550 555 556 563 564 565 560 561 562 567 569 571 598 600 601 603 604 606 608 610 612 613 615 617 618 619 620 621 622 624 630 631 626 628 632 633 635 637 639
304: 640 641
305: 640 641 643 645 646
306: 640 641 643 645 646 648 578 579 581 582 583 585 586 588 489 487 488 491 493 497 495 498 500 501 502 504 505 506 508 509 511 513 551 552 554 557 558 573 574 576 590 592 593 595 596 514 516 518 519 521 522 524 526 528 529 531 533 534 536 538 545 547 539 540 542 543 544 549 550 555 556 563 564 565 560 561 562 567 569 571 598 600 601 603 604 606 608 610 612 613 615 617 618 619 620 621 622 624 630 631 626 628 632 633 635 637 639 649 650
307: 652 653
308: 652 653 655 657 658
309: 529 531 533 660 661 663
310: 529 531 533 665 505 521 522 524 489 487 488 491 493 497 495 498 500 501 502 504 506 508 509 511 513 526 528 667 669
311: 529 531 533 665 505 521 522 524 489 487 488 491 493 497 495 498 500 501 502 504 506 508 509 511 513 526 528 667 669 514 516 518 519 534 536 538 671 660 661 663 672 674 676
312: 529 531 533 665 505 521 522 524 489 487 488 491 493 497 495 498 500 501 502 504 506 508 509 511 513 526 528 667 669 514 516 518 519 534 536 538 671 660 661 663 672 674 676 678
313: 529 531 533 665 505 521 522 524 489 487 488 491 493 497 495 498 500 501 502 504 506 508 509 511 513 526 528 667 669 514 516 518 519 534 536 538 671 660 661 663 672 674 676 678 640 641 643 645 646 648 578 579 581 582 583 585 586 588 551 552 554 557 558 573 574 576 590 592 593 595 596 545 547 539 540 542 543 544 549 550 555 556 563 564 565 560 561 562 567 569 571 598 600 601 603 604 606 608 610 612 613 615 617 618 619 620 621 622 624 630 631 626 628 632 633 635 637 639 649 650 652 653 655 657 658 680 681
314: 505 521 522 524 489 487 488 491 493 497 495 498 500 501 502 504 506 508 509 511 513 526 528 529 531 533 534 683 685 687
315: 489 487 488 491 493 497 495 498 500 501 504 505 506 508 509 502 511 513 514 516 518 519 521 522 524 526 528 529 531 533 534 683 685 687 689 691
316: 529 531 533 665 505 521 522 524 489 487 488 491 493 497 495 498 500 501 502 504 506 508 509 511 513 526 528 667 669 514 516 518 519 534 536 538 671 660 661 663 672 674 676 683 685 687 689 691 692 694 696
317: 489 487 488 491 493 497 495 498 500 501 504 505 506 508 509 502 511 513 514 516 518 519 521 522 524 526 528 529 531 533 534 683 685 687 689 691 665 667 669 536 538 671 660 661 663 672 674 676 678 640 641 643 645 646 648 578 579 581 582 583 585 586 588 551 552 554 557 558 573 574 576 590 592 593 595 596 545 547 539 540 542 543 544 549 550 555 556 563 564 565 560 561 562 567 569 571 598 600 601 603 604 606 608 610 612 613 615 617 618 619 620 621 622 624 630 631 626 628 632 633 635 637 639 649 650 652 653 655 657 658 680 681 692 694 696 697 699 700
318: 578 579 581 582 583 585 586 588 489 487 488 491 493 497 495 498 500 501 502 504 505 506 508 509 511 513 551 552 554 557 558 573 574 576 590 592 593 595 596 514 516 518 519 521 522 524 526 528 529 531 533 534 536 538 545 547 539 540 542 543 544 549 550 555 556 563 564 565 560 561 562 567 569 571 598 600 601 603 604 606 608 610 612 613 615 617 618 619 620 621 622 624 630 631 626 628 632 633 635 637 639 702 704 705
319: 545 547 539 540 542 543 544 549 550 489 487 488 491 493 497 495 498 500 501 502 504 505 506 508 509 511 513 551 552 554 555 556 563 564 565 557 558 560 561 562 567 569 571 578 579 581 582 583 585 586 588 573 574 576 590 592 593 595 596 707
320: 545 547 539 540 542 543 544 549 550 489 487 488 491 493 497 495 498 500 501 502 504 505 506 508 509 511 513 551 552 554 555 556 563 564 565 557 558 560 561 562 567 569 571 578 579 581 582 583 585 586 588 573 574 576 590 592 593 595 596 707 708 514 516 518 519 521 522 524 526 528 529 531 533 534 536 538 710 712
----------------------------------------

【xmg】
386: 386 387 717 719 720 721 722 723 724 726 729 730 688 689 690 731 728 732 733 735 692 694 695 739 741 742 684 685 686 743 737 744 746 747 756 757 697 749 750 388 390 392 668 670 671 672 699 700 701 703 705 707 643 645 647 648 650 642 651 649 652 654 708 637 639 640 709 710 751 758 759 760 761 762 764 765 767 769 770 772 773 775 777 779 780 781 782 784 752 754 755 712 714 715 656 657 659 673 675 676 677 679 661 663 664 666 680 682 716 786 787
385: 386 387 717 719 720 721 722 723 724 726 729 730 688 689 690 731 728 732 733 735 692 694 695 739 741 742 684 685 686 743 737 744 746 747 756 757 697 749 750 388 390 392 668 670 671 672 699 700 701 703 705 707 643 645 647 648 650 642 651 649 652 654 708 637 639 640 709 710 751 758 759 760 761 762 764 765 767 769 770 772 773 775 777 779 780 781 782 784
384: 386 387 717 719 720 721 722 723 724 726 759 760 729 730 688 689 690 731 728 732 733 761 762 764 765 767 769 770 772 773 775 777 735 779 780 692 694 695 739 741 742 684 685 686 743 737 744 746 781 782
383: 386 387 717 719 720 721 722 723 724 726 729 730 688 689 690 731 728 732 733 735 779 780
382: 386 387 717 719 720 721 722 723 724 726 759 760 729 730 688 689 690 731 728 732 733 761 762 764 765 767 769 770 772 773 775 777
381: 723 762 764 765 767 769 770 772 773 775
380: 767 769 770 772 773
379: 767 769 770
378: 723 762 764 765
363: 723
377: 386 387 717 719 720 721 722 723 724 726 759 760 729 730 688 689 690 731 728 732 733 761
376: 386 387 717 719 720 721 722 723 724 726 729 730 688 689 690 731 728 732 733 735 692 694 695 739 741 742 684 685 686 743 737 744 746 747 756 757 697 749 750 388 390 392 668 670 671 672 699 700 701 703 705 707 643 645 647 648 650 642 651 649 652 654 708 637 639 640 709 710 751 758
375: 386 387 717 719 720 721 722 723 724 726 729 730 688 689 690 731 728 732 733 735 692 694 695 739 741 742 684 685 686 743 737 744 746 747 697 749 750 388 390 392 668 670 671 672 699 700 701 703 705 707 643 645 647 648 650 642 651 649 652 654 708 637 639 640 709 710 751 752 754 755
372: 723 724 726 729 730 688 689 690 731 728 732 733 735 692 694 695 739 741 742 684 685 686 743 737 744 746 747 697 749 750 386 387 388 390 392 668 670 671 672 699 700 701 703 705 707 643 645 647 648 650 642 651 649 652 654 708 637 639 640 709 710 751 752
371: 684 685 686 688 689 690 692 694 695 697 749 750 386 387 388 390 392 668 670 671 672 699 700 701 703 705 707 643 645 647 648 650 642 651 649 652 654 708 637 639 640 709 710 751
370: 723 724 726 729 730 688 689 690 731 728 732 733 735 692 694 695 739 741 742 684 685 686 743 737 744 746 747
369: 688 689 690 692 694 695 739 741 742 684 685 686 743 737 744 746
368: 688 689 690 692 694 695 739 741
356: 688 689 690 692 694 695 737
367: 723 724 726 729 730 688 689 690 731 728 732 733 735
366: 729 730 688 689 690 731 728 732 733
365: 729 730
353: 728
364: 723 724 726
374: 386 387 717 719 720 721 722
373: 720
265: 386 387 717 719
362: 684 685 686 688 689 690 692 694 695 697 386 387 388 390 392 668 670 671 672 699 700 701 703 705 707 643 645 647 648 650 642 651 649 652 654 708 637 639 640 709 710 712 714 715 656 657 659 673 675 676 677 679 661 663 664 666 680 682 716
361: 684 685 686 688 689 690 692 694 695 697 386 387 388 390 392 668 670 671 672 699 700 701 703 705 707 643 645 647 648 650 642 651 649 652 654 708 637 639 640 709 710 712
360: 386 387 388 390 392 668 670 671 672 699 700 701 703 705 707 643 645 647 648 650 642 651 649 652 654 708 637 639 640 709 710
359: 703 705
358: 386 387 388 390 392 668 670 671 672 699 700 701
357: 684 685 686 688 689 690 692 694 695 697
355: 688 689 690 692 694 695
354: 688 689 690
352: 684 685 686
351: 656 657 659 386 387 388 390 392 668 670 671 672 673 675 676 677 637 639 640 643 645 647 648 650 642 651 649 652 654 679 661 663 664 666 680 682
350: 656 657 659 386 387 388 390 392 668 670 671 672 673 675 676 677
349: 386 387 388 390 392 668 670 671 672
348: 668 670 671
347: 661 663 656 657 659 664 666
345: 661 663
346: 656 657 659
344: 386 387 388 390 392 643 645 647 648 650 642 651 649 652 654
343: 649
342: 648
341: 386 387 388 390 392 643 645 647
340: 642
339: 637 639 640
338: 605 607 631 633 609 610 619 612 613 615 617 621 622 623 625 626 628 629 630 635 636
337: 605 607 631 633
336: 605 607 609 610 630
335: 605 607 609 610 619 612 613 615 617 621 622 623 625 626 628 629
334: 605 607 609 610 619 612 613 615 617 621 622 623 625 626
333: 605 607 609 610 619 612 613 615 617 621 622 623
330: 612 613 615 617
329: 612 613 615
332: 605 607 609 610
331: 605 607
328: 590 591 592 594 585 586 588 599 393 395 396 398 386 387 388 390 392 399 401 402 403 404 406 407 409 411 447 448 449 454 455 471 472 474 477 478 479 476 480 481 483 595 597 598 600 412 413 414 415 416 417 419 420 421 423 425 427 429 431 433 440 442 434 435 437 438 439 444 446 451 452 460 462 463 457 458 459 465 467 469 485 486 487 582 583 584 601 550 551 552 547 548 553 555 557 559 527 528 530 531 533 535 488 489 490 491 493 495 497 499 500 502 504 505 506 508 509 511 516 513 515 517 519 521 522 524 526 537 538 540 542 543 544 545 561 562 564 565 566 567 569 570 572 573 575 577 579 581 602 603
327: 590 591 592 594 585 586 588 599 393 395 396 398 386 387 388 390 392 399 401 402 403 404 406 407 409 411 447 448 449 454 455 471 472 474 477 478 479 476 480 481 483 595 597 598 600 412 413 414 415 416 417 419 420 421 423 425 427 429 431 433 440 442 434 435 437 438 439 444 446 451 452 460 462 463 457 458 459 465 467 469 485 486 487 582 583 584 601
326: 590 591 592 594 585 586 588 599 393 395 396 398 386 387 388 390 392 399 401 402 403 404 406 407 409 411 447 448 449 454 455 471 472 474 477 478 479 476 480 481 483 595 597 598 600
325: 393 395 396 398 386 387 388 390 392 399 401 402 403 404 406 407 409 411 447 448 449 454 455 471 472 474 477 478 479 476 480 481 483 595 597 598
324: 447 448 449 454 455 471 472 474 477 478 479 476 480 481 483 595
323: 590 591 592 594
322: 590
247: 234 236 237 239 240 233 245 247 250 251 248 252 235 242 243 294 295 297 258 256 259 257 260 261 253 255 263 265 267 269 271 276 278 280 282 273 274 275 283 285 298 287 289 291 292 293 299 301 365 366
252: 311 234 236 237 239 240 233 245 247 250 251 248 252 235 242 243 294 295 297 258 256 259 257 260 261 253 255 263 265 267 269 271 276 278 280 282 273 274 275 283 285 298 287 289 291 292 293 299 301 361 362 363 364
249: 234 236 237 239 240 233 245 247 250 251 248 252 235 242 243 294 295 297 258 256 259 257 260 261 253 255 263 265 267 269 271 276 278 280 282 273 274 275 283 285 298 287 289 291 292 293 299 301 361 362 363
246: 234 236 237 239 240 233 245 247 250 251 248 252 235 242 243 294 295 297 258 256 259 257 260 261 253 255 263 265 267 269 271 276 278 280 282 273 274 275 283 285 298 287 289 291 292 293 299 301 311 339 353 354 355 356 357 359
245: 311 339 353 354
244: 234 236 237 239 240 233 245 247 250 251 248 252 235 242 243 294 295 297 258 256 259 257 260 261 253 255 263 265 267 269 271 276 278 280 282 273 274 275 283 285 298 287 289 291 292 293 299 301 330 332 333 335 329 336 337 346 312 311 313 314 323 307 306 308 309 324 315 316 318 320 321 325 327 347 339 340 341 343 344 348 350
243: 329 311 339 340 341 343 344
241: 311 339 340 341
242: 330 332 333 335 329 336 337
240: 330 332
239: 329
225: 234 236 237 239 240 233 235 242 243 245 247 250 251 248 252 253 255 312 311 313 314 323 307 306 308 309 324 315 316 318 320 321 325 327
224: 312 315 316 318 311 320 321
223: 315 316 318
222: 312 311 313 314
221: 311
216: 234 236 237 239 240 233 245 247 307 306 308 309
210: 306
238: 234 236 237 239 240 233 245 247 250 251 248 252 235 242 243 294 295 297 258 256 259 257 260 261 253 255 263 265 267 269 271 276 278 280 282 273 274 275 283 285 298 287 289 291 292 293 299 301
237: 234 236 237 239 240 233 245 247 250 251 248 252 235 242 243 294 295 297
236: 236 237 239 234 287 289 291 233 235 273 274 275 292 293
235: 234 287 289
234: 233 234 236 237 239 240 235 242 243 245 247 250 251 248 252 253 255 258 256 259 257 260 261 276 278 280 282 273 274 275 283 285
233: 235 234 236 237 239 240 233 245 247 258 256 259 257 260 261 276 278 280
232: 235 273 274 275
231: 273
230: 234 236 237 239 240 233 245 247 258 256 259 257 260 261 235 242 243 250 251 248 252 253 255 263 265 267 269 271
206: 223 205 206 196 197 198 200 201 203 208 224 221 209 210 211 213 215 216 218 219 222 225
205: 221 201 196 197 198 209 200 210 211 213 215 216 218 219 222
204: 201 196 197 198 209 200 210 211 213 215 216 218 219
203: 211 213 215 216
202: 213
201: 211
200: 201 196 197 198 209 200 210
229: 263 265 267
199: 205 206 196 197 198 200 201 203 208
228: 234 236 237 239 240 233 245 247 258 256 259 257 260 261
198: 196 197 198 200 201 203
227: 257
256: 233 234 236 237 239 240 245 247 250 251 248 252 235 242 243 294 295 297 258 256 259 257 260 261 253 255 263 265 267 269 271 276 278 280 282 273 274 275 283 285 298 287 289 291 292 293 299 301 303 304 305 352
197: 200
226: 256
255: 234 236 237 239 240 233 245 247 250 251 248 252 235 242 243 294 295 297 258 256 259 257 260 261 253 255 263 265 267 269 271 276 278 280 282 273 274 275 283 285 298 287 289 291 292 293 299 301 303 304 305
196: 196 197 198
254: 234 236 237 239 240 233 245 247 250 251 248 252 235 242 243 294 295 297 258 256 259 257 260 261 253 255 263 265 267 269 271 276 278 280 282 273 274 275 283 285 298 287 289 291 292 293 299 301 303 304
195: 194 193 195
194: 193
321: 585 586 588
207: 223 205 206 196 197 198 200 201 203 208 224 221 209 210 211 213 215 216 218 219 222 225 194 193 195 226 227 229
208: 231 230 232
214: 233
212: 234
209: 235
211: 236 237 239
213: 234 236 237 239 240
217: 235 242 243
215: 234 236 237 239 240 233 245 247
218: 248
219: 234 236 237 239 240 233 245 247 250 251 248 252
220: 234 236 237 239 240 233 235 242 243 245 247 250 251 248 252 253 255
248: 368
250: 234 236 237 239 240 233 245 247 250 251 248 252 235 242 243 294 295 297 258 256 259 257 260 261 253 255 263 265 267 269 271 276 278 280 282 273 274 275 283 285 298 287 289 291 292 293 299 301 361 362 363 369 370
251: 234 236 237 239 240 233 245 247 250 251 248 252 235 242 243 294 295 297 258 256 259 257 260 261 253 255 263 265 267 269 271 276 278 280 282 273 274 275 283 285 298 287 289 291 292 293 299 301 361 362 363 369 370 365 366 368 372 374
253: 329 234 236 237 239 240 233 245 247 250 251 248 252 235 242 243 294 295 297 258 256 259 257 260 261 253 255 263 265 267 269 271 276 278 280 282 273 274 275 283 285 298 287 289 291 292 293 299 301 311 339 353 354 355 356 357 359 361 362 363 364 369 370 365 366 368 372 374 375 377
257: 233 234 236 237 239 240 245 247 250 251 248 252 235 242 243 294 295 297 258 256 259 257 260 261 253 255 263 265 267 269 271 276 278 280 282 273 274 275 283 285 298 287 289 291 292 293 299 301 303 304 305 352 330 332 333 335 329 336 337 346 312 311 313 314 323 307 306 308 309 324 315 316 318 320 321 325 327 347 339 340 341 343 344 348 350 353 354 355 356 357 359 361 362 363 364 369 370 365 366 368 372 374 375 377 379 381
258: 234 233 236 237 239 240 245 247 250 251 248 252 235 242 243 294 295 297 258 256 259 257 260 261 253 255 263 265 267 269 271 276 278 280 282 273 274 275 283 285 298 287 289 291 292 293 299 301 303 304 305 352 330 332 333 335 329 336 337 346 312 311 313 314 323 307 306 308 309 324 315 316 318 320 321 325 327 347 339 340 341 343 344 348 350 353 354 355 356 357 359 361 362 363 364 369 370 365 366 368 372 374 375 377 379 381 383 384 385
264: 386 387
266: 386 387 388 390 392
267: 393
268: 393 395 396 398
269: 393 395 396 398 386 387 388 390 392 399 401
270: 402
271: 403 404 406
272: 402 403 404 406 407 409
273: 393 395 396 398 386 387 388 390 392 399 401 402 403 404 406 407 409 411
286: 393 395 396 398 386 387 388 390 392 399 401 402 403 404 406 407 409 411 412 413 414
287: 415 416 417
288: 415 416 417 419 393 395 396 398 386 387 388 390 392 399 401 402 403 404 406 407 409 411 420 421
289: 423 425 427
290: 415 416 417 419 393 395 396 398 386 387 388 390 392 399 401 402 403 404 406 407 409 411 420 421 423 425 427 429
291: 393 395 396 398 386 387 388 390 392 399 401 402 403 404 406 407 409 411 412 413 414 415 416 417 419 420 421 423 425 427 429 431 433
278: 434 435
279: 437 438 439
280: 440 442
281: 440 442 434 435 437 438 439 444 446
259: 447 448 449
283: 447 448 449 393 395 396 398 386 387 388 390 392 399 401 402 403 404 406 407 409 411 451 452
260: 454 455
262: 447 448 449 457 454 455 458 459
282: 447 448 449 393 395 396 398 386 387 388 390 392 399 401 402 403 404 406 407 409 411 460 462
284: 447 448 449 393 395 396 398 386 387 388 390 392 399 401 402 403 404 406 407 409 411 451 452 460 462 463 457 454 455 458 459 465 467
285: 440 442 434 435 437 438 439 444 446 447 448 449 393 395 396 398 386 387 388 390 392 399 401 402 403 404 406 407 409 411 451 452 460 462 463 457 454 455 458 459 465 467 469
261: 454 455 471 472
263: 447 448 449 454 455 471 472 474
274: 476
275: 477 478
276: 477 478 479 476 480 481 483
277: 393 395 396 398 386 387 388 390 392 399 401 402 403 404 406 407 409 411 447 448 449 454 455 471 472 474 485 486 477 478 479 476 480 481 483 487
292: 393 395 396 398 386 387 388 390 392 399 401 402 403 404 406 407 409 411 412 413 414 415 416 417 419 420 421 423 425 427 429 431 433 440 442 434 435 437 438 439 444 446 447 448 449 451 452 460 462 463 457 454 455 458 459 465 467 469 488 489 471 472 474 485 486 477 478 479 476 480 481 483 487 490
293: 491 493 495
294: 497 499
295: 491 493 495 497 499 500
296: 434 435 440 442 502 504
297: 393 395 396 398 386 387 388 390 392 399 401 402 403 404 406 407 409 411 412 413 414 415 416 417 419 420 421 423 425 427 429 431 433 437 438 439 505 434 435 506 508
298: 491 493 495 497 499 500 434 435 440 442 502 504 393 395 396 398 386 387 388 390 392 399 401 402 403 404 406 407 409 411 412 413 414 415 416 417 419 420 421 423 425 427 429 431 433 437 438 439 505 506 508 509 511
300: 447 448 449 393 395 396 398 386 387 388 390 392 399 401 402 403 404 406 407 409 411 451 452 460 462 463 457 454 455 458 459 465 467 440 442 434 435 437 438 439 444 446 513 515
299: 393 395 396 398 386 387 388 390 392 399 401 402 403 404 406 407 409 411 412 413 414 415 416 417 419 420 421 423 425 427 429 431 433 516
301: 447 448 449 393 395 396 398 386 387 388 390 392 399 401 402 403 404 406 407 409 411 451 452 460 462 463 457 454 455 458 459 465 467 412 413 414 415 416 417 419 420 421 423 425 427 429 431 433 516 440 442 434 435 437 438 439 444 446 513 515 517 519 521 522
302: 491 493 495 497 499 500 434 435 440 442 502 504 393 395 396 398 386 387 388 390 392 399 401 402 403 404 406 407 409 411 412 413 414 415 416 417 419 420 421 423 425 427 429 431 433 437 438 439 505 506 508 509 511 447 448 449 451 452 460 462 463 457 454 455 458 459 465 467 516 444 446 513 515 517 519 521 522 524
303: 393 395 396 398 386 387 388 390 392 399 401 402 403 404 406 407 409 411 412 413 414 415 416 417 419 420 421 423 425 427 429 431 433 440 442 434 435 437 438 439 444 446 447 448 449 451 452 460 462 463 457 454 455 458 459 465 467 469 488 489 471 472 474 485 486 477 478 479 476 480 481 483 487 490 491 493 495 497 499 500 502 504 505 506 508 509 511 516 513 515 517 519 521 522 524 526
304: 527 528
305: 527 528 530 531 533
306: 527 528 530 531 533 535 393 395 396 398 386 387 388 390 392 399 401 402 403 404 406 407 409 411 412 413 414 415 416 417 419 420 421 423 425 427 429 431 433 440 442 434 435 437 438 439 444 446 447 448 449 451 452 460 462 463 457 454 455 458 459 465 467 469 488 489 471 472 474 485 486 477 478 479 476 480 481 483 487 490 491 493 495 497 499 500 502 504 505 506 508 509 511 516 513 515 517 519 521 522 524 526 537 538
307: 540 542
308: 540 542 543 544 545
309: 423 425 427 547 548
310: 415 416 417 419 393 395 396 398 386 387 388 390 392 399 401 402 403 404 406 407 409 411 420 421 423 425 427 550 551
311: 393 395 396 398 386 387 388 390 392 399 401 402 403 404 406 407 409 411 412 413 414 415 416 417 419 420 421 423 425 427 429 431 433 550 551 552 547 548 553 555 557
312: 393 395 396 398 386 387 388 390 392 399 401 402 403 404 406 407 409 411 412 413 414 415 416 417 419 420 421 423 425 427 429 431 433 550 551 552 547 548 553 555 557 559
313: 393 395 396 398 386 387 388 390 392 399 401 402 403 404 406 407 409 411 412 413 414 415 416 417 419 420 421 423 425 427 429 431 433 550 551 552 547 548 553 555 557 559 527 528 530 531 533 535 440 442 434 435 437 438 439 444 446 447 448 449 451 452 460 462 463 457 454 455 458 459 465 467 469 488 489 471 472 474 485 486 477 478 479 476 480 481 483 487 490 491 493 495 497 499 500 502 504 505 506 508 509 511 516 513 515 517 519 521 522 524 526 537 538 540 542 543 544 545 561 562
314: 393 395 396 398 386 387 388 390 392 399 401 415 416 417 419 402 403 404 406 407 409 411 420 421 423 425 427 429 564 565
315: 393 395 396 398 386 387 388 390 392 399 401 415 416 417 419 402 403 404 406 407 409 411 420 421 423 425 427 429 564 565 566 412 413 414 567 569
316: 393 395 396 398 386 387 388 390 392 399 401 415 416 417 419 402 403 404 406 407 409 411 420 421 423 425 427 429 564 565 566 412 413 414 567 569 570 431 433 550 551 552 547 548 553 555 557 572 573
317: 393 395 396 398 386 387 388 390 392 399 401 402 403 404 406 407 409 411 412 413 414 415 416 417 419 420 421 423 425 427 429 431 433 550 551 552 547 548 553 555 557 559 527 528 530 531 533 535 440 442 434 435 437 438 439 444 446 447 448 449 451 452 460 462 463 457 454 455 458 459 465 467 469 488 489 471 472 474 485 486 477 478 479 476 480 481 483 487 490 491 493 495 497 499 500 502 504 505 506 508 509 511 516 513 515 517 519 521 522 524 526 537 538 540 542 543 544 545 561 562 564 565 566 567 569 570 572 573 575 577 579
318: 393 395 396 398 386 387 388 390 392 399 401 402 403 404 406 407 409 411 412 413 414 415 416 417 419 420 421 423 425 427 429 431 433 440 442 434 435 437 438 439 444 446 447 448 449 451 452 460 462 463 457 454 455 458 459 465 467 469 488 489 471 472 474 485 486 477 478 479 476 480 481 483 487 490 491 493 495 497 499 500 502 504 505 506 508 509 511 516 513 515 517 519 521 522 524 526 581
319: 440 442 434 435 437 438 439 444 446 447 448 449 393 395 396 398 386 387 388 390 392 399 401 402 403 404 406 407 409 411 451 452 460 462 463 457 454 455 458 459 465 467 469 471 472 474 485 486 477 478 479 476 480 481 483 487 582
320: 393 395 396 398 386 387 388 390 392 399 401 402 403 404 406 407 409 411 412 413 414 415 416 417 419 420 421 423 425 427 429 431 433 440 442 434 435 437 438 439 444 446 447 448 449 451 452 460 462 463 457 454 455 458 459 465 467 469 471 472 474 485 486 477 478 479 476 480 481 483 487 582 583 584
----------------------------------------
