
【aig】
385: 520 756 757 758 759 760 763 764 765 761 766 762 767 768 769 770 771 772 773 774 775 791 792 793 800 801 802 803 804 644 645 646 784 785 776 777 778 779 780 781 782 786 783 787 788 789 790 795 796 794 797 798 799 827 828 829 830 831 832 833 834 835 836 837 809 810 811 812 813 814 815 816 823 818 819 817 820 821 822 824 825 826 838 839 840 841 842 843 844 845 846 847 805 806 807 808 848 849 850 851 852 853 854 855 856 857
384: 791 792 793 761 800 801 802 803 804 644 645 646 784 785 776 777 778 779 780 781 782 786 783 787 788 789 790 520 795 796 794 797 798 799 827 828 829 830 831 832 833 834 835 836 837 763 764 765 809 810 811 812 813 814 815 816 823 818 819 817 820 821 822 824 825 826 838 839 840 841 842 843 844 845 846 847 805 806 807 808 848 849 850 851 852 853 854
383: 791 792 793 761 800 801 802 803 804 644 645 646 784 785 776 777 778 779 780 781 782 786 783 787 788 789 790 520 795 796 794 797 798 799 827 828 829 830 831 832 833 834 835 836 837 763 764 765 809 810 811 812 813 814 815 816 823 818 819 817 820 821 822 824 825 826 838 839 840 841 842 843 844 845 846 847
382: 791 792 793 761 800 801 802 803 804 644 645 646 784 785 776 777 778 779 780 781 782 786 783 787 788 789 790 520 795 796 794 797 798 799 827 828 829 830 831 832 833 834 835 836 837 763 764 765 809 810 811 812 813 814 815 816 823 818 819 817 820 821 822 824 825 826 838 839 840
381: 644 645 646 784 785 776 777 778 779 780 781 782 786 783 787 788 789 790 520 795 796 794 797 798 799 827 828 829 830 831 832 833
380: 763 764 765 794 520 809 810 644 645 646 784 785 776 777 778 779 780 781 782 786 783 787 788 789 790 795 797 811 812 813 814 815 816 823 818 819 817 820 821 822 824 825 826
379: 520 818 819 817 820 821 822
378: 817
377: 794 520 809 810 644 645 646 784 785 776 777 778 779 780 781 782 786 783 787 788 789 790 795 797 811 812 813 814 815 816
376: 644 645 646 784 785 776 777 778 779 780 781 782 786 783 787 788 789 790 520 795 797 811
365: 520 809 810
369: 763 764 765 520 795 796 794 797 798 799 805 761 800 801 802 803 804 806 807 808
368: 761 800 801 802 803 804
367: 520 795 796 794 797 798 799
366: 794
364: 791 792 793
375: 644 645 646 784 785 776 777 778 779 780 781 782 786 783 787 788 789 790
374: 644 645 646 784 785
373: 783
372: 779 780 781 782
371: 779 780
370: 776 777 778
363: 520 756 757 758 759 760 763 764 765 761 766 762 767 768 769 770 771 772 773 774 775
362: 763 764 765 520 761 766 762 767 768 769 770
361: 763 764 765
360: 762
359: 761
292: 520
358: 760
357: 520 756 757 758 759
356: 520 756 757
355: 633 629 630 631 632 634 635 656 657 658 659 636 637 638 639 640 641 642 643 652 647 648 644 645 646 649 650 651 653 654 655 667 660 661 662 663 664 665 666 668 669 670 671 672 673 674 675 676 677 678 679 680 681 682 683 684 685 686 687 688 689 690 691 692 693 694 695 696 700 697 698 699 701 702 703 704 705 706 707 716 717 708 709 710 711 712 713 714 715 718 719 720 739 740 741 742 721 722 723 724 725 726 727 735 730 731 728 729 732 733 734 736 737 738 743 744 745 746 747 748 749 750 751 752 753 754 755
347: 672 673 674 675 676 677 678 679 680 681 682 683 684 685 686 687 688 689 690 691 692 693 636 633 629 630 631 632 634 635 637 638 639 694 695 696 700 697 698 699 701 702 703 704 705 706 707 716 717 708 709 710 711 712 713 714 715 718 719 720 739 740 741 742 721 722 723 724 725 726 727 735 730 731 728 729 732 733 734 736 737 738 743 744 745 746 747 748
346: 672 673 674 675 676 677 678 679 680 681 682 683 684 685 686 687 688 689 690 691 692 693 636 633 629 630 631 632 634 635 637 638 639 694 695 696 700 697 698 699 701 702 703 704 705 706 707 716 717 708 709 710 711 712 713 714 715 718 719 720 739 740 741 742 721 722 723 724 725 726 727 735 730 731 728 729 732 733 734 736 737 738 743 744 745
345: 704 672 673 674 694 695 696 700 721 722 723 724 725 636 633 629 630 631 632 634 635 637 638 639 726 727 735 730 731 728 729 732 733 734 736 737 738
344: 672 673 674 730 731 728 729 732 733 734
343: 728 729
342: 672 673 674 694 695 696 700 721 722 723 724 725 636 633 629 630 631 632 634 635 637 638 639 726 727
341: 672 673 674 694 695 696 700 721 722 723 724 725
340: 672 673 674 694 695 696 700 721 722
339: 672 673 674 675 676 677 678 679 680 681 682 683 684 685 686 687 688 689 690 691 692 693 636 633 629 630 631 632 634 635 637 638 639 694 695 696 700 697 698 699 701 702 703 704 705 706 707 716 717 708 709 710 711 712 713 714 715 718 719 720
338: 704 672 673 674 694 695 696 708 697 698 699 709 710 711 712 700 701 702 703 713 714 715
337: 704 672 673 674 694 695 696 708 697 698 699 709 710 711 712
332: 704
336: 694 695 696 700 672 673 674 697 698 699 701 702 703 704 705 706 707
335: 694 695 696 700 672 673 674 697 698 699 701 702 703
334: 697 698 699
333: 694 695 696
328: 672 673 674 675 676 677 678 679 680 681 682 683 684 685 686 687 688 689 690 691 692 693
324: 675 676 677 685 686 687 688 689 690 691
323: 687 688
322: 685 686
327: 672 673 674 675 676 677 681 682 683 684
326: 672 673 674 675 676 677 678 679 680
321: 675 676 677
325: 672 673 674
354: 633 629 630 631 632 634 635 656 657 658 659 636 637 638 639 640 641 642 643 652 647 648 644 645 646 649 650 651 653 654 655 667 660 661 662 663 664 665 666 668 669 670 671
352: 629 630 631 632 636 633 634 635 637 638 639 660 661 662 663 664 665 666
353: 633 629 630 631 632 634 635 656 657 658 659
351: 636 633 629 630 631 632 634 635 637 638 639 640 641 642 643 652 647 648 644 645 646 649 650 651 653 654 655
350: 647 648 644 645 646 649 650 651
349: 644 645 646
348: 636 633 629 630 631 632 634 635 637 638 639 640 641 642 643
331: 636 633 629 630 631 632 634 635 637 638 639
330: 633 629 630 631 632 634 635
329: 629 630 631 632
320: 349 350 351 192 193 287 288 289 280 281 282 424 299 501 502 503 504 505 506 507 508 509 510 511 551 552 512 513 514 515 516 517 518 519 535 536 537 538 539 520 521 522 523 524 528 530 529 531 532 533 534 540 541 542 543 544 525 526 527 545 546 547 548 549 550 553 554 555 586 559 556 557 558 560 561 562 563 564 565 439 569 570 571 572 566 567 568 573 574 575 581 582 576 577 578 579 580 583 584 585 587 588 589 624 590 591 592 593 594 595 596 597 598 599 600 601 602 603 604 605 606 607 608 609 610 611 612 613 614 615 616 617 618 619 620 621 622 623 625 626 627 628
250: 287 288 289 294 299 320 321 322 365 366
249: 192 193 287 288 289 280 281 282 301 299 300 298 302 303 304 310 295 198 194 195 196 197 238 200 201 202 203 204 214 215 205 206 207 216 211 208 209 210 212 213 217 218 219 220 221 222 223 224 199 225 226 227 228 229 230 231 232 239 240 241 242 294 296 297 305 318 319 361 320 321 322 323 324 325 326 327 328 329 330 331 332 333 334 335 336 337 338 339 340 341 362 363 364
234: 349 350 351
248: 358 359 360
247: 198 194 195 196 197 238 200 201 202 203 204 214 215 205 206 207 216 211 208 209 210 212 213 217 218 219 220 221 222 223 224 199 225 226 227 228 229 230 231 232 239 240 241 242 287 288 289 294 299 320 321 322 323 324 325 326 327 328 280 281 282 329 330 331 332 333 334 335 336 337 338 339 340 341 233 234 235 236 237 267 268 243 244 245 250 251 246 247 248 249 252 253 269 254 255 256 263 257 258 259 260 261 262 264 265 266 270 271 272 273 274 275 276 192 193 301 300 298 302 303 304 310 295 296 297 305 318 319 342 343 344 345 346 347 348 349 350 351 352 277 278 279 290 283 284 285 286 291 292 293 353 306 313 314 307 308 309 311 312 315 316 317 354 355 356 357
246: 198 194 195 196 197 238 200 201 202 203 204 214 215 205 206 207 216 211 208 209 210 212 213 217 218 219 220 221 222 223 224 199 225 226 227 228 229 230 231 232 239 240 241 242 287 288 289 294 299 320 321 322 323 324 325 326 327 328 280 281 282 329 330 331 332 333 334 335 336 337 338 339 340 341 233 234 235 236 237 267 268 243 244 245 250 251 246 247 248 249 252 253 269 254 255 256 263 257 258 259 260 261 262 264 265 266 270 271 272 273 274 275 276 192 193 301 300 298 302 303 304 310 295 296 297 305 318 319 342 343 344 345 346 347 348 349 350 351 352
245: 198 194 195 196 197 238 200 201 202 203 204 214 215 205 206 207 216 211 208 209 210 212 213 217 218 219 220 221 222 223 224 199 225 226 227 228 229 230 231 232 239 240 241 242 287 288 289 294 299 320 321 322 323 324 325 326 327 328 280 281 282 329 330 331 332 333 334 335 336 337 338 339 340 341 233 234 235 236 237 267 268 243 244 245 250 251 246 247 248 249 252 253 269 254 255 256 263 257 258 259 260 261 262 264 265 266 270 271 272 273 274 275 276 192 193 301 300 298 302 303 304 310 295 296 297 305 318 319 342 343 344 345 346 347 348
243: 198 194 195 196 197 238 200 201 202 203 204 214 215 205 206 207 216 211 208 209 210 212 213 217 218 219 220 221 222 223 224 199 225 226 227 228 229 230 231 232 239 240 241 242 287 288 289 294 299 320 321 322 323 324 325 326 327 328 280 281 282 329 330 331 332 333 334 335 336 337 338 339 340 341
242: 333 287 288 289 294 299 320 321 329 334 335 280 281 282 322 336 337 338
241: 333 287 288 289 294 299 320 321 329 334 335
240: 287 288 289 294 299 320 321 322 280 281 282 329 330 331 332
239: 294 299 320 321 329
238: 198 194 195 196 197 238 200 201 202 203 204 214 215 205 206 207 216 211 208 209 210 212 213 217 218 219 220 221 222 223 224 199 225 226 227 228 229 230 231 232 239 240 241 242 287 288 289 294 299 320 321 322 323 324 325 326 327 328
237: 287 288 289 294 299 320 321 322 323 324 325
236: 294 299 320 321 322
244: 287 288 289 280 281 282 301 299 300 298 302 303 304 310 295 198 194 195 196 197 238 200 201 202 203 204 214 215 205 206 207 216 211 208 209 210 212 213 217 218 219 220 221 222 223 224 199 225 226 227 228 229 230 231 232 239 240 241 242 294 296 297 305 318 319
233: 295 198 194 195 196 197 238 200 201 202 203 204 214 215 205 206 207 216 211 208 209 210 212 213 217 218 219 220 221 222 223 224 199 225 226 227 228 229 230 231 232 239 240 241 242 294 296 297 233 234 235 236 237 267 268 243 244 245 250 251 246 247 248 249 252 253 269 254 255 256 263 257 258 259 260 261 262 264 265 266 270 271 272 273 274 275 276 287 288 289 280 281 282 301 299 300 298 302 303 304 305 306 313 314 307 308 309 310 311 312 315 316 317
232: 280 281 282 287 288 289 307 308 309 301 299 300 298 302 303 304 310 311 312
231: 280 281 282 287 288 289 307 308 309
252: 200 370 371 372 373
193: 287 288 289
230: 287 288 289 280 281 282 301 299 300 298 302 303 304 305 306
229: 280 281 282 301 299 300 298 302 303 304
228: 299 300
253: 374 198 214 215 200 201 202 203 204 205 206 207 216 211 208 209 210 212 213 217 218 219 220 370 371 372 373 375 376
194: 298
221: 280 281 282
226: 295 198 194 195 196 197 238 200 201 202 203 204 214 215 205 206 207 216 211 208 209 210 212 213 217 218 219 220 221 222 223 224 199 225 226 227 228 229 230 231 232 239 240 241 242 294 296 297
225: 294
207: 200 201 202 203 204 198 214 215 205 206 207 216 211 208 209 210 212 213 217 218 219 220 221 222 223 224 199 225 226 227 228 229 230 231 232
206: 225 205 206 207 226 227
204: 198 214 215 200 201 202 203 204 205 206 207 216 211 208 209 210 212 213 217 218 219 220
203: 198 214 215
200: 211 208 209 210 212 213
199: 208 209 210
198: 205 206 207
197: 200 201 202 203 204
202: 198 199
201: 198
195: 194 195 196 197
224: 200 201 202 203 204 198 214 215 205 206 207 216 211 208 209 210 212 213 217 218 219 220 221 222 223 224 199 225 226 227 228 229 230 231 232 194 195 196 197 233 234 235 236 237 267 268 238 239 240 241 242 243 244 245 250 251 246 247 248 249 252 253 269 254 255 256 263 257 258 259 260 261 262 264 265 266 270 271 272 273 274 275 276 277 278 279 287 288 289 290 280 281 282 283 284 285 286 291 292 293
205: 200 201 202 203 204 198 214 215 205 206 207 216 211 208 209 210 212 213 217 218 219 220 221 222 223 224
251: 287 288 289 294 299 320 321 322 280 281 282 329 330 331 332 365 366 367 368 369
192: 192 193
319: 520 521 522 523 524 528 590 591 592 593 594 595 530 529 531 532 533 534 280 281 282 424 559 501 502 503 504 512 513 514 515 556 557 558 560 561 596 597 598 599 600 601 535 536 537 538 539 540 541 542 543 544 525 526 527 545 546 287 288 289 299 516 517 518 519 562 563 564 565 602 603 604 566 567 568 605 606 607 608 609 610 611 612 613 614 615 616 617 618 619 620 621 622 623
216: 200 201 202 203 204 198 214 215 205 206 207 216 211 208 209 210 212 213 217 218 219 220 221 222 223 224 199 225 226 227 228 229 230 231 232 194 195 196 197 233 234 235 236 237
208: 198 194 195 196 197 238 200 201 202 203 204 214 215 205 206 207 216 211 208 209 210 212 213 217 218 219 220 221 222 223 224 199 225 226 227 228 229 230 231 232 239 240 241 242
209: 243 244 245
210: 246 247 248 249
211: 198 194 195 196 197 238 200 201 202 203 204 214 215 205 206 207 216 211 208 209 210 212 213 217 218 219 220 221 222 223 224 199 225 226 227 228 229 230 231 232 239 240 241 242 243 244 245 250 251 246 247 248 249 252 253
212: 254 205 206 207 255 256
213: 257 258
214: 205 206 207 259 260 261
215: 254 205 206 207 255 256 263 257 258 259 260 261 262 264 265 266
217: 200 201 202 203 204 198 214 215 205 206 207 216 211 208 209 210 212 213 217 218 219 220 221 222 223 224 199 225 226 227 228 229 230 231 232 194 195 196 197 233 234 235 236 237 267 268
218: 200 201 202 203 204 198 214 215 205 206 207 216 211 208 209 210 212 213 217 218 219 220 221 222 223 224 199 225 226 227 228 229 230 231 232 194 195 196 197 233 234 235 236 237 267 268 238 239 240 241 242 243 244 245 250 251 246 247 248 249 252 253 269 254 255 256 263 257 258 259 260 261 262 264 265 266 270 271 272 273
219: 200 201 202 203 204 198 214 215 205 206 207 216 211 208 209 210 212 213 217 218 219 220 221 222 223 224 199 225 226 227 228 229 230 231 232 194 195 196 197 233 234 235 236 237 267 268 238 239 240 241 242 243 244 245 250 251 246 247 248 249 252 253 269 254 255 256 263 257 258 259 260 261 262 264 265 266 270 271 272 273 274 275 276
220: 200 201 202 203 204 198 214 215 205 206 207 216 211 208 209 210 212 213 217 218 219 220 221 222 223 224 199 225 226 227 228 229 230 231 232 194 195 196 197 233 234 235 236 237 267 268 238 239 240 241 242 243 244 245 250 251 246 247 248 249 252 253 269 254 255 256 263 257 258 259 260 261 262 264 265 266 270 271 272 273 274 275 276 277 278 279
222: 280 281 282 283
223: 280 281 282 283 284 285 286
254: 198 199 200 201 202 203 204 214 215 205 206 207 216 211 208 209 210 212 213 217 218 219 220 221 222 223 224 377 225 226 227 378 379 380 381
256: 374 198 214 215 200 201 202 203 204 205 206 207 216 211 208 209 210 212 213 217 218 219 220 370 371 372 373 375 376 382 383 384
257: 287 288 289 374 198 214 215 200 201 202 203 204 205 206 207 216 211 208 209 210 212 213 217 218 219 220 370 371 372 373 375 376 382 383 384 385 386 387 388
258: 287 288 289 374 198 214 215 200 201 202 203 204 205 206 207 216 211 208 209 210 212 213 217 218 219 220 370 371 372 373 375 376 382 383 384 385 386 387 388 199 221 222 223 224 377 225 226 227 378 379 380 381 389 390
259: 287 288 289 374 198 214 215 200 201 202 203 204 205 206 207 216 211 208 209 210 212 213 217 218 219 220 370 371 372 373 375 376 382 383 384 385 386 387 388 199 221 222 223 224 377 225 226 227 378 379 380 381 389 390 194 195 196 197 238 228 229 230 231 232 239 240 241 242 192 193 294 299 320 321 322 280 281 282 329 330 331 332 365 366 367 368 369 391 392 393 394 395 396 397
260: 287 288 289 374 198 214 215 200 201 202 203 204 205 206 207 216 211 208 209 210 212 213 217 218 219 220 370 371 372 373 375 376 382 383 384 385 386 387 388 199 221 222 223 224 377 225 226 227 378 379 380 381 389 390 194 195 196 197 238 228 229 230 231 232 239 240 241 242 192 193 294 299 320 321 322 280 281 282 329 330 331 332 365 366 367 368 369 391 392 393 394 395 396 397 233 234 235 236 237 267 268 243 244 245 250 251 246 247 248 249 252 253 269 254 255 256 263 257 258 259 260 261 262 264 265 266 270 271 272 273 274 275 276 349 350 351 301 300 298 302 303 304 310 295 296 297 305 318 319 361 323 324 325 326 327 328 333 334 335 336 337 338 339 340 341 362 363 364 398 399 400 401 402 403 404
261: 358 359 360 287 288 289 374 198 214 215 200 201 202 203 204 205 206 207 216 211 208 209 210 212 213 217 218 219 220 370 371 372 373 375 376 382 383 384 385 386 387 388 199 221 222 223 224 377 225 226 227 378 379 380 381 389 390 194 195 196 197 238 228 229 230 231 232 239 240 241 242 192 193 294 299 320 321 322 280 281 282 329 330 331 332 365 366 367 368 369 391 392 393 394 395 396 397 233 234 235 236 237 267 268 243 244 245 250 251 246 247 248 249 252 253 269 254 255 256 263 257 258 259 260 261 262 264 265 266 270 271 272 273 274 275 276 349 350 351 301 300 298 302 303 304 310 295 296 297 305 318 319 361 323 324 325 326 327 328 333 334 335 336 337 338 339 340 341 362 363 364 398 399 400 401 402 403 404 405 342 343 344 345 346 347 348 406 407
262: 287 288 289 374 198 214 215 200 201 202 203 204 205 206 207 216 211 208 209 210 212 213 217 218 219 220 370 371 372 373 375 376 382 383 384 385 386 387 388 199 221 222 223 224 377 225 226 227 378 379 380 381 389 390 194 195 196 197 238 228 229 230 231 232 239 240 241 242 192 193 294 299 320 321 322 280 281 282 329 330 331 332 365 366 367 368 369 391 392 393 394 395 396 397 233 234 235 236 237 267 268 243 244 245 250 251 246 247 248 249 252 253 269 254 255 256 263 257 258 259 260 261 262 264 265 266 270 271 272 273 274 275 276 349 350 351 301 300 298 302 303 304 310 295 296 297 305 318 319 361 323 324 325 326 327 328 333 334 335 336 337 338 339 340 341 362 363 364 398 399 400 401 402 403 404 408 409 410 411 412 413 414
280: 349 350 351 192 193 287 288 289 280 281 282 301 299 300 298 302 303 304 310 295 198 194 195 196 197 238 200 201 202 203 204 214 215 205 206 207 216 211 208 209 210 212 213 217 218 219 220 221 222 223 224 199 225 226 227 228 229 230 231 232 239 240 241 242 294 296 297 305 318 319 361 320 321 322 323 324 325 326 327 328 329 330 331 332 333 334 335 336 337 338 339 340 341 362 363 364 415 374 370 371 372 373 375 376 382 383 384 385 386 387 388 377 378 379 380 381 389 390 365 366 367 368 369 391 392 393 394 395 396 397 416 417 418
255: 382 383
263: 287 288 289 374 198 214 215 200 201 202 203 204 205 206 207 216 211 208 209 210 212 213 217 218 219 220 370 371 372 373 375 376 419 382 383 420 421 422
264: 200 370 371 372 373 423 424 425 426
265: 423 424 425 427
266: 423 424 425 427 428 287 288 289 429 430
267: 423 424 425 427 428 287 288 289 429 430 200 370 371 372 373 426 431 432 433 434
196: 200
268: 435 436 437 438
269: 439
270: 200 439 440 441 442
273: 280 281 282 443 444 445 446 447
274: 435 436 437 438 200 439 440 441 442 449 280 281 282 443 444 445 446 447 448 450 451
275: 287 288 289 423 424 425 427 280 281 282 200 370 371 372 373 426 452 453 454 455 456 457
276: 435 436 437 438 200 439 440 441 442 449 280 281 282 443 444 445 446 447 448 450 451 198 214 215 201 202 203 204 205 206 207 216 211 208 209 210 212 213 217 218 219 220 423 424 425 427 428 287 288 289 429 430 370 371 372 373 426 431 432 433 434 458 459 452 453 454 455 456 457 460 461 462
277: 192 193 287 288 289 294 299 320 321 322 280 281 282 329 330 331 332 365 366 367 368 369 392 374 198 214 215 200 201 202 203 204 205 206 207 216 211 208 209 210 212 213 217 218 219 220 370 371 372 373 375 376 382 383 384 385 386 387 388 199 221 222 223 224 377 225 226 227 378 379 380 381 389 390 391 463 464
278: 435 436 437 438 200 439 440 441 442 449 280 281 282 443 444 445 446 447 448 450 451 198 214 215 201 202 203 204 205 206 207 216 211 208 209 210 212 213 217 218 219 220 423 424 425 427 428 287 288 289 429 430 370 371 372 373 426 431 432 433 434 458 459 452 453 454 455 456 457 460 461 462 194 195 196 197 238 221 222 223 224 199 225 226 227 228 229 230 231 232 239 240 241 242 349 350 351 192 193 294 299 320 321 322 329 330 331 332 365 366 367 368 369 392 374 375 376 382 383 384 385 386 387 388 377 378 379 380 381 389 390 391 463 464 465 466 467 468 469 470 471
279: 435 436 437 438 200 439 440 441 442 449 280 281 282 443 444 445 446 447 448 450 451 198 214 215 201 202 203 204 205 206 207 216 211 208 209 210 212 213 217 218 219 220 423 424 425 427 428 287 288 289 429 430 370 371 372 373 426 431 432 433 434 458 459 452 453 454 455 456 457 460 461 462 194 195 196 197 238 221 222 223 224 199 225 226 227 228 229 230 231 232 239 240 241 242 349 350 351 192 193 294 299 320 321 322 329 330 331 332 365 366 367 368 369 392 374 375 376 382 383 384 385 386 387 388 377 378 379 380 381 389 390 391 463 464 465 466 467 468 469 470 471 419 420 421 422 472 473 474 475 476 477 478
281: 435 436 437 438 200 439 440 441 442 449 280 281 282 443 444 445 446 447 448 450 451 198 214 215 201 202 203 204 205 206 207 216 211 208 209 210 212 213 217 218 219 220 423 424 425 427 428 287 288 289 429 430 370 371 372 373 426 431 432 433 434 458 459 452 453 454 455 456 457 460 461 462 194 195 196 197 238 221 222 223 224 199 225 226 227 228 229 230 231 232 239 240 241 242 349 350 351 192 193 294 299 320 321 322 329 330 331 332 365 366 367 368 369 392 374 375 376 382 383 384 385 386 387 388 377 378 379 380 381 389 390 391 463 464 465 466 467 468 469 470 471 419 420 421 422 472 473 474 475 476 477 478 233 234 235 236 237 267 268 243 244 245 250 251 246 247 248 249 252 253 269 254 255 256 263 257 258 259 260 261 262 264 265 266 270 271 272 273 274 275 276 358 359 360 301 300 298 302 303 304 310 295 296 297 305 318 319 361 323 324 325 326 327 328 333 334 335 336 337 338 339 340 341 362 363 364 415 393 394 395 396 397 416 417 418 479 480 481 482 483
283: 192 193 287 288 289 280 281 282 301 299 300 298 302 303 304 310 295 198 194 195 196 197 238 200 201 202 203 204 214 215 205 206 207 216 211 208 209 210 212 213 217 218 219 220 221 222 223 224 199 225 226 227 228 229 230 231 232 239 240 241 242 294 296 297 305 318 319 361 320 321 322 323 324 325 326 327 328 329 330 331 332 333 334 335 336 337 338 339 340 341 362 363 364 484 485 486 487 488 489
282: 358 359 360 287 288 289 374 198 214 215 200 201 202 203 204 205 206 207 216 211 208 209 210 212 213 217 218 219 220 370 371 372 373 375 376 382 383 384 385 386 387 388 199 221 222 223 224 377 225 226 227 378 379 380 381 389 390 194 195 196 197 238 228 229 230 231 232 239 240 241 242 192 193 294 299 320 321 322 280 281 282 329 330 331 332 365 366 367 368 369 391 392 393 394 395 396 397 349 350 351 301 300 298 302 303 304 310 295 296 297 305 318 319 361 323 324 325 326 327 328 333 334 335 336 337 338 339 340 341 362 363 364 415 490 491
284: 200 201 202 203 204 198 214 215 205 206 207 216 211 208 209 210 212 213 217 218 219 220 221 222 223 224 199 225 226 227 228 229 230 231 232 194 195 196 197 233 234 235 236 237 267 268 238 239 240 241 242 243 244 245 250 251 246 247 248 249 252 253 269 254 255 256 263 257 258 259 260 261 262 264 265 266 270 271 272 273 274 275 276 435 436 437 438 439 440 441 442 449 280 281 282 443 444 445 446 447 448 450 451 423 424 425 427 428 287 288 289 429 430 370 371 372 373 426 431 432 433 434 458 459 452 453 454 455 456 457 460 461 462 349 350 351 192 193 294 299 320 321 322 329 330 331 332 365 366 367 368 369 392 374 375 376 382 383 384 385 386 387 388 377 378 379 380 381 389 390 391 463 464 465 466 467 468 469 470 471 419 420 421 422 472 473 474 475 476 477 478 301 300 298 302 303 304 310 295 296 297 305 318 319 361 323 324 325 326 327 328 333 334 335 336 337 338 339 340 341 362 363 364 484 485 486 487 488 489 358 359 360 393 394 395 396 397 415 490 491 492 493 494
285: 435 436 437 438 200 439 440 441 442 449 280 281 282 443 444 445 446 447 448 450 451 198 214 215 201 202 203 204 205 206 207 216 211 208 209 210 212 213 217 218 219 220 423 424 425 427 428 287 288 289 429 430 370 371 372 373 426 431 432 433 434 458 459 452 453 454 455 456 457 460 461 462 194 195 196 197 238 221 222 223 224 199 225 226 227 228 229 230 231 232 239 240 241 242 349 350 351 192 193 294 299 320 321 322 329 330 331 332 365 366 367 368 369 392 374 375 376 382 383 384 385 386 387 388 377 378 379 380 381 389 390 391 463 464 465 466 467 468 469 470 471 419 420 421 422 472 473 474 475 476 477 478 233 234 235 236 237 267 268 243 244 245 250 251 246 247 248 249 252 253 269 254 255 256 263 257 258 259 260 261 262 264 265 266 270 271 272 273 274 275 276 358 359 360 301 300 298 302 303 304 310 295 296 297 305 318 319 361 323 324 325 326 327 328 333 334 335 336 337 338 339 340 341 362 363 364 415 393 394 395 396 397 416 417 418 479 480 481 482 483 484 485 486 487 488 489 490 491 492 493 494 495 496 497
286: 435 436 437 438 200 439 440 441 442 449 280 281 282 443 444 445 446 447 448 450 451 198 214 215 201 202 203 204 205 206 207 216 211 208 209 210 212 213 217 218 219 220 423 424 425 427 428 287 288 289 429 430 370 371 372 373 426 431 432 433 434 458 459 452 453 454 455 456 457 460 461 462 194 195 196 197 238 221 222 223 224 199 225 226 227 228 229 230 231 232 239 240 241 242 349 350 351 192 193 294 299 320 321 322 329 330 331 332 365 366 367 368 369 392 374 375 376 382 383 384 385 386 387 388 377 378 379 380 381 389 390 391 463 464 465 466 467 468 469 470 471 419 420 421 422 472 473 474 475 476 477 478 233 234 235 236 237 267 268 243 244 245 250 251 246 247 248 249 252 253 269 254 255 256 263 257 258 259 260 261 262 264 265 266 270 271 272 273 274 275 276 358 359 360 301 300 298 302 303 304 310 295 296 297 305 318 319 361 323 324 325 326 327 328 333 334 335 336 337 338 339 340 341 362 363 364 415 393 394 395 396 397 416 417 418 479 480 481 482 483 484 485 486 487 488 489 490 491 492 493 494 495 496 497 398 399 400 401 402 403 404 408 409 410 411 412 413 414 342 343 344 345 346 347 348 352 277 278 279 290 283 284 285 286 291 292 293 353 306 313 314 307 308 309 311 312 315 316 317 354 355 356 357 405 406 407 498 499 500
235: 424
227: 299
287: 501 502
288: 501 502 503 504
290: 299 501 502 503 504 505 506 507 508 509 510 511
289: 501 502 503 504 512 513 514 515
291: 501 502 503 504 512 513 514 515 516 517 518 519
293: 520 521
294: 520 521 522 523 524
295: 520 521 525 526 527
296: 528
297: 529
298: 520 521 522 523 524 528 530 529 531 532 533 534
299: 535 536
300: 535 536 537 538 539
301: 535 536 537 538 539 520 521 522 523 524 528 530 529 531 532 533 534 540 541 542 543 544
302: 535 536 537 538 539 520 521 522 523 524 528 530 529 531 532 533 534 540 541 542 543 544 525 526 527 545 546
303: 501 502 503 504 512 513 514 515 516 517 518 519 535 536 537 538 539 520 521 522 523 524 528 530 529 531 532 533 534 540 541 542 543 544 525 526 527 545 546 547 548 549 550
304: 280 281 282 424 299 501 502 503 504 505 506 507 508 509 510 511 551 552 512 513 514 515 516 517 518 519 535 536 537 538 539 520 521 522 523 524 528 530 529 531 532 533 534 540 541 542 543 544 525 526 527 545 546 547 548 549 550 553 554 555
305: 501 502 503 504 512 513 514 515 556 557 558
306: 559 501 502 503 504 512 513 514 515 556 557 558 560 561
307: 559 501 502 503 504 512 513 514 515 556 557 558 560 561 520 521 522 523 524 528 530 529 531 532 533 534 562 563 564 565
271: 281 566 567 568
272: 280 569 570 571
308: 439 501 502 503 504 512 513 514 515 516 517 518 519 280 569 570 571 572 281 566 567 568 573 574 575
309: 280 281 282 424 501 502 503 504 512 513 514 515 516 517 518 519 576 577 578 579 580
310: 559 501 502 503 504 512 513 514 515 556 557 558 560 561 520 521 522 523 524 528 530 529 531 532 533 534 562 563 564 565 535 536 537 538 539 540 541 542 543 544 525 526 527 545 546 439 516 517 518 519 280 569 570 571 572 281 566 567 568 573 574 575 581 582 282 424 576 577 578 579 580 583 584 585
311: 287 288 289 280 281 282 424 299 501 502 503 504 505 506 507 508 509 510 511 551 552 512 513 514 515 516 517 518 519 535 536 537 538 539 520 521 522 523 524 528 530 529 531 532 533 534 540 541 542 543 544 525 526 527 545 546 547 548 549 550 553 554 555 586 559 556 557 558 560 561 562 563 564 565 439 569 570 571 572 566 567 568 573 574 575 581 582 576 577 578 579 580 583 584 585 587 588 589
312: 590 591 592
313: 520 521 522 523 524 528 590 591 592 593 594 595
314: 424 559 501 502 503 504 512 513 514 515 556 557 558 560 561 596 597
315: 520 521 522 523 524 528 530 529 531 532 533 534 280 281 282 424 559 501 502 503 504 512 513 514 515 556 557 558 560 561 596 597 598 599 600 601
316: 299 501 502 503 504 512 513 514 515 516 517 518 519 280 281 282 559 556 557 558 560 561 520 521 522 523 524 528 530 529 531 532 533 534 562 563 564 565 602 603 604
317: 299 501 502 503 504 512 513 514 515 516 517 518 519 280 281 282 559 556 557 558 560 561 520 521 522 523 524 528 530 529 531 532 533 534 562 563 564 565 602 603 604 566 567 568 605 606 607
318: 501 502 503 504 512 513 514 515 556 557 558 535 536 537 538 539 520 521 522 523 524 528 530 529 531 532 533 534 540 541 542 543 544 525 526 527 545 546 287 288 289 299 516 517 518 519 280 281 282 559 560 561 562 563 564 565 602 603 604 566 567 568 605 606 607 608 609 610 611 612 613 614
----------------------------------------

【xag】
385: 1045 1046 1048 1051 1052 1053 1055 1063 848 1058 1061 1057 1065 1066 1068 1071 1014 1075 1078 1081 1082 1083 1084 n713 n714 n716 n711 1025 1086 1089 1090 n712 n715 n717 1072 n747 n748 n718 n719 n720 n721 n725 n722 n723 n724 n726 n733 n734 n736 n727 n728 n729 n730 n731 n732 n735 n737 n740 1028 n738 n739 n741 n743 n742 n744 221 n745 n746 n749 1023 1030 1026 1032 1033 1034 1035 1041 1013 1017 1018 1020 1038 1039 1040 1044 n750
384: 1045 1046 1048 1051 1052 1053 1055 1063 848 1058 1061 1057 1065 1066 1068 1071 1014 1075 1078 1081 1082 1083 1084 n713 n714 n716 n711 1025 1086 1089 1090 n712 n715 n717 1072 n747 n748 n718 n719 n720 n721 n725 n722 n723 n724 n726 n733 n734 n736 n727 n728 n729 n730 n731 n732 n735 n737 n740 1028 n738 n739 n741 n743 n742 n744 221 n745 n746 n749
383: 1014 n718 n719 1045 1046 1048 1051 1052 1053 1055 1063 848 1058 1061 1057 1065 1066 1068 1071 n720 n721 n725 1075 n722 n723 n724 n726 n733 n734 n736 n727 n728 n729 n730 n731 n732 n735 n737 n711 1025 1086 1089 1090 n712 n740 1078 1081 1082 1083 1084 1028 n738 n739 n741 n743 1072 n742 n744 221 n745 n746
382: 1014 n718 n719 1045 1046 1048 1051 1052 1053 1055 1063 848 1058 1061 1057 1065 1066 1068 1071 n720 n721 n725 1075 n722 n723 n724 n726 n733 n734 n736 n727 n728 n729 n730 n731 n732 n735 n737 n711 1025 1086 1089 1090 n712 n740 1078 1081 1082 1083 1084 1028 n738 n739 n741 n743 1072 n742 n744
381: 1045 1046 1048 1051 1052 1053 1055 1063 848 1058 1061 1057 1065 1066 1068 1071 1014 1075 1078 1081 1082 1083 1084 1028 n738 n739
380: 1014 n718 n719 1045 1046 1048 1051 1052 1053 1055 1063 848 1058 1061 1057 1065 1066 1068 1071 n720 n721 n725 1075 n722 n723 n724 n726 n733 n734 n736 n727 n728 n729 n730 n731 n732 n735 n737
379: 1014 n727 n728 n729 n730 n731 n732
378: n727
377: 1014 n718 n719 1045 1046 1048 1051 1052 1053 1055 1063 848 1058 1061 1057 1065 1066 1068 1071 n720 n721 n725 1075 n722 n723 n724 n726
376: 1045 1046 1048 1051 1052 1053 1055 1063 848 1058 1061 1057 1065 1066 1068 1071 1014 n718 n720 n721
365: 1014 n718 n719
369: 1014 1075 1078 1081 1082 1083 1084 n713 n714 n716 n711 1025 1086 1089 1090 n712 n715 n717
368: n711 1025 1086 1089 1090 n712
367: 1014 1075 1078 1081 1082 1083 1084
366: 1075
364: 1072
375: 1045 1046 1048 1051 1052 1053 1055 1063 848 1058 1061 1057 1065 1066 1068 1071
374: 848 1058 1061
373: 1057
372: 1051 1052 1053 1055
371: 1051 1052
370: 1045 1046 1048
363: 1023 1014 1025 1030 1028 1026 1032 1033 1034 1035 1041 1013 1017 1018 1020 1038 1039 1040 1044
362: 1014 1025 1030 1028 1026 1032 1033 1034 1035
361: 1028
360: 1026
359: 1025
292: 1014
358: 1023
357: 1013 1014 1017 1018 1020
356: 1013 1014 1017
355: 837 833 829 832 834 835 839 840 842 845 847 858 848 850 853 854 855 856 859 861 862 873 865 868 870 871 872 874 875 878 880 1007 938 883 886 887 929 924 925 926 927 932 934 935 939 956 888 889 890 905 907 908 909 912 914 916 891 892 893 894 897 899 902 919 921 940 943 944 945 947 950 951 952 953 959 998 1000 1002 962 963 966 969 972 974 975 978 980 982 983 985 988 989 990 992 994 995 996 997 1001 1003 1004 1009 1012
347: 837 833 829 832 834 835 839 840 842 938 883 886 887 929 924 925 926 927 932 934 935 939 956 888 889 890 905 907 908 909 912 914 916 891 892 893 894 897 899 902 919 921 940 943 944 945 947 950 951 952 953 959 998 1000 1002 962 963 966 969 972 974 975 978 980 982 983 985 988 989 990 992 994 995 996 997 1001 1003 1004
346: 837 833 829 832 834 835 839 840 842 938 883 886 887 929 924 925 926 927 932 934 935 939 956 888 889 890 905 907 908 909 912 914 916 891 892 893 894 897 899 902 919 921 940 943 944 945 947 950 951 952 953 959 998 1000 1002 962 963 966 969 972 974 975 978 980 982 983 985 988 989 990 992 994 995 996 997 1001 1003
345: 883 886 887 924 962 963 966 969 972 974 837 833 829 832 834 835 839 840 842 975 978 980 982 983 985 988 989 990 992 994 995 996 997
344: 883 886 887 980 982 983 985 988 989 990
343: 980 982
342: 883 886 887 924 962 963 966 969 972 974 837 833 829 832 834 835 839 840 842 975 978
341: 883 886 887 924 962 963 966 969 972 974
340: 883 886 887 924 962 963 966
339: 837 833 829 832 834 835 839 840 842 938 883 886 887 929 924 925 926 927 932 934 935 939 956 888 889 890 905 907 908 909 912 914 916 891 892 893 894 897 899 902 919 921 940 943 944 945 947 950 951 952 953 959
338: 883 886 887 925 926 927 932 938 924 940 943 944 945 929 934 935 947 950
337: 883 886 887 925 926 927 932 938 924 940 943 944 945
332: 938
336: 938 883 886 887 929 924 925 926 927 932 934 935 939
335: 883 886 887 929 924 925 926 927 932 934 935
334: 925 926 927
333: 924
328: 888 889 890 905 907 908 909 912 914 916 883 886 887 891 892 893 894 897 899 902 919 921
324: 888 889 890 905 907 908 909 912 914 916
323: 908 909
322: 905 907
327: 883 886 887 888 889 890 894 897 899 902
326: 883 886 887 888 889 890 891 892 893
321: 888 889 890
325: 883 886 887
354: 837 833 829 832 834 835 839 840 842 845 847 858 848 850 853 854 855 856 859 861 862 873 865 868 870 871 872 874 875 878 880
352: 837 833 829 832 834 835 839 840 842 870 871 872
353: 833 829 832 834 835 865 868
351: 837 833 829 832 834 835 839 840 842 845 847 858 848 850 853 854 855 856 859 861 862
350: 848 850 853 854 855 856
349: 848
348: 837 833 829 832 834 835 839 840 842 845 847
331: 837 833 829 832 834 835 839 840 842
330: 833 829 832 834 835
329: 829 832
320: 201 202 679 677 678 680 681 786 688 783 784 785 787 790 815 689 690 693 695 696 697 738 666 668 669 670 671 674 734 736 737 739 742 791 794 797 332 357 360 798 799 816 698 701 704 706 707 709 712 714 683 685 687 716 719 675 676 362 743 746 800 801 802 747 748 750 751 803 804 806 373 807 810 813 817 818 463 665 672 673 722 723 725 727 728 731 733 777 779 781 579 753 754 757 758 759 760 761 763 773 764 765 766 767 770 771 772 774 780 782 821 824 827 828
250: 373 349 405 408 410 413 486 489
249: 201 202 362 364 365 332 357 360 361 366 369 372 394 397 400 351 205 207 208 209 260 210 213 214 217 218 219 220 230 228 229 223 221 225 227 232 235 236 238 241 242 211 212 244 246 248 251 253 255 256 261 262 263 349 352 354 398 403 482 373 405 408 410 413 414 416 418 421 423 426 428 431 434 436 438 439 441 444 445 448 449 450 452 454 455 457 483 484
234: 463
248: 479
247: 201 202 205 207 208 209 260 210 213 214 217 218 219 220 230 228 229 223 221 225 227 232 235 236 238 241 242 211 212 244 246 248 251 253 255 256 261 262 263 265 272 273 276 277 268 271 280 281 283 316 257 258 312 315 296 299 301 290 293 284 285 288 304 305 307 309 311 317 320 321 323 324 326 327 330 331 342 345 347 332 333 336 337 338 339 340 346 348 467 362 364 365 357 360 361 366 369 372 394 397 400 351 349 352 354 398 403 457 460 373 405 408 410 413 414 416 418 421 423 426 428 431 434 436 438 439 441 444 445 448 449 450 452 454 455 462 463 465 374 376 391 379 381 382 383 384 386 389 390 393 470 472 474 476
246: 205 207 208 209 260 210 213 214 217 218 219 220 230 228 229 223 221 225 227 232 235 236 238 241 242 211 212 244 246 248 251 253 255 256 261 262 263 265 272 273 276 277 268 271 280 281 283 316 257 258 312 315 296 299 301 290 293 284 285 288 304 305 307 309 311 317 320 321 323 324 326 362 364 365 332 357 360 361 366 369 372 394 397 400 351 349 352 354 398 403 201 202 457 460 373 405 408 410 413 414 416 418 421 423 426 428 431 434 436 438 439 441 444 445 448 449 450 452 454 455 462 463 465
245: 205 207 208 209 260 210 213 214 217 218 219 220 230 228 229 223 221 225 227 232 235 236 238 241 242 211 212 244 246 248 251 253 255 256 261 262 263 265 272 273 276 277 268 271 280 281 283 316 257 258 312 315 296 299 301 290 293 284 285 288 304 305 307 309 311 317 320 321 323 324 326 362 364 365 332 357 360 361 366 369 372 394 397 400 351 349 352 354 398 403 201 202 457 460 373 405 408 410 413 414 416 418 421 423 426 428 431 434 436 438 439 441 444 445 448 449 450 452 454 455 462
243: 205 207 208 209 260 210 213 214 217 218 219 220 230 228 229 223 221 225 227 232 235 236 238 241 242 211 212 244 246 248 251 253 255 256 261 262 263 373 349 405 408 410 413 414 416 418 421 423 426 332 357 360 428 431 434 436 438 439 441 444 445 448 449 450 452 454 455
242: 441 373 349 405 428 431 434 444 445 408 410 413 332 357 360 448 449 450
241: 441 373 349 405 428 431 434 444 445
240: 373 349 405 408 410 413 332 357 360 428 431 434 436 438 439
239: 349 405 428 431 434
238: 205 207 208 209 260 210 213 214 217 218 219 220 230 228 229 223 221 225 227 232 235 236 238 241 242 211 212 244 246 248 251 253 255 256 261 262 263 373 349 405 408 410 413 414 416 418 421 423 426
237: 373 349 405 408 410 413 414 416 418
236: 349 405 408 410 413
244: 362 364 365 332 357 360 361 366 369 372 394 397 400 351 205 207 208 209 260 210 213 214 217 218 219 220 230 228 229 223 221 225 227 232 235 236 238 241 242 211 212 244 246 248 251 253 255 256 261 262 263 349 352 354 398 403
233: 205 207 208 209 260 210 213 214 217 218 219 220 230 228 229 223 221 225 227 232 235 236 238 241 242 211 212 244 246 248 251 253 255 256 261 262 263 265 272 273 276 277 268 271 280 281 283 316 257 258 312 315 296 299 301 290 293 284 285 288 304 305 307 309 311 317 320 321 323 324 326 362 364 365 332 357 360 361 366 369 372 373 374 376 391 351 349 352 354 379 381 382 383 384 386 389 390 393
232: 361 332 357 360 373 379 381 362 364 365 366 369 372 382 383 384
231: 361 332 357 360 373 379 381
252: 213 495 497
193: 373
230: 362 364 365 332 357 360 361 366 369 372 373 374 376
229: 362 364 365 332 357 360 361 366 369 372
228: 362 364
253: 498 213 214 217 218 219 220 230 210 228 229 223 221 225 227 232 235 236 238 495 497 499 501
194: 361
221: 332 357 360
226: 351 205 207 208 209 260 210 213 214 217 218 219 220 230 228 229 223 221 225 227 232 235 236 238 241 242 211 212 244 246 248 251 253 255 256 261 262 263 349 352 354
225: 349
207: 213 214 217 218 219 220 230 210 228 229 223 221 225 227 232 235 236 238 241 242 211 212 244 246 248 251 253 255
206: 244 218 219 220 246 248
204: 213 214 217 218 219 220 230 210 228 229 223 221 225 227 232 235 236 238
203: 210 228 229
200: 223 221 225 227
199: 221
198: 218 219 220
197: 213 214 217
202: 211 212
201: 210
195: 205 207 208 209
224: 205 207 208 209 260 210 213 214 217 218 219 220 230 228 229 223 221 225 227 232 235 236 238 241 242 211 212 244 246 248 251 253 255 256 261 262 263 265 272 273 276 277 268 271 280 281 283 316 257 258 312 315 296 299 301 290 293 284 285 288 304 305 307 309 311 317 320 321 323 324 326 327 330 331 342 345 347 332 333 336 337 338 339 340 346 348
205: 213 214 217 218 219 220 230 210 228 229 223 221 225 227 232 235 236 238 241 242
251: 373 349 405 408 410 413 332 357 360 428 431 434 436 438 439 441 486 489 491 493
192: 201 202
319: 679 677 678 680 681 786 688 783 784 785 787 790 815 689 690 693 695 696 697 738 666 668 669 670 671 674 734 736 737 739 742 791 794 797 332 357 360 798 799 816 698 701 704 706 707 709 712 714 683 685 687 716 719 675 676 362 743 746 800 801 802 747 748 750 751 803 804 806 373 807 810 813 817
216: 213 214 217 218 219 220 230 210 228 229 223 221 225 227 232 235 236 238 241 242 211 212 244 246 248 251 253 255 205 207 208 209 256 257 258
208: 205 207 208 209 260 210 213 214 217 218 219 220 230 228 229 223 221 225 227 232 235 236 238 241 242 211 212 244 246 248 251 253 255 256 261 262 263
209: 265 268 271
210: 265 272 273 276
211: 205 207 208 209 260 210 213 214 217 218 219 220 230 228 229 223 221 225 227 232 235 236 238 241 242 211 212 244 246 248 251 253 255 256 261 262 263 265 272 273 276 277 268 271 280 281 283
212: 284 218 219 220 285 288
213: 290 293
214: 296 218 219 220 299 301
215: 296 218 219 220 299 301 290 293 284 285 288 304 305 307 309 311
217: 213 214 217 218 219 220 230 210 228 229 223 221 225 227 232 235 236 238 241 242 211 212 244 246 248 251 253 255 205 207 208 209 256 257 258 312 315
218: 205 207 208 209 260 210 213 214 217 218 219 220 230 228 229 223 221 225 227 232 235 236 238 241 242 211 212 244 246 248 251 253 255 256 261 262 263 265 272 273 276 277 268 271 280 281 283 316 257 258 312 315 296 299 301 290 293 284 285 288 304 305 307 309 311 317 320 321 323
219: 205 207 208 209 260 210 213 214 217 218 219 220 230 228 229 223 221 225 227 232 235 236 238 241 242 211 212 244 246 248 251 253 255 256 261 262 263 265 272 273 276 277 268 271 280 281 283 316 257 258 312 315 296 299 301 290 293 284 285 288 304 305 307 309 311 317 320 321 323 324 326
220: 205 207 208 209 260 210 213 214 217 218 219 220 230 228 229 223 221 225 227 232 235 236 238 241 242 211 212 244 246 248 251 253 255 256 261 262 263 265 272 273 276 277 268 271 280 281 283 316 257 258 312 315 296 299 301 290 293 284 285 288 304 305 307 309 311 317 320 321 323 324 326 327 330 331
222: 332 333 336 337
223: 332 333 336 337 338 339 340
254: 244 218 219 220 246 248 503 211 212 213 214 217 230 210 228 229 223 221 225 227 232 235 236 238 241 242 251 504 505 506
256: 498 213 214 217 218 219 220 230 210 228 229 223 221 225 227 232 235 236 238 495 497 499 501 508 510 511
257: 373 498 213 214 217 218 219 220 230 210 228 229 223 221 225 227 232 235 236 238 495 497 499 501 508 510 511 513 514 515 517
258: 373 498 213 214 217 218 219 220 230 210 228 229 223 221 225 227 232 235 236 238 495 497 499 501 508 510 511 513 514 515 517 244 246 248 503 211 212 241 242 251 504 505 506 518 520
259: 205 207 208 209 260 210 213 214 217 218 219 220 230 228 229 223 221 225 227 232 235 236 238 241 242 211 212 244 246 248 251 253 255 256 261 262 263 373 349 405 408 410 413 332 357 360 428 431 434 436 438 439 441 486 489 491 493 201 202 521 524 498 495 497 499 501 508 510 511 513 514 515 517 503 504 505 506 518 520 525
260: 205 207 208 209 260 210 213 214 217 218 219 220 230 228 229 223 221 225 227 232 235 236 238 241 242 211 212 244 246 248 251 253 255 256 261 262 263 265 272 273 276 277 268 271 280 281 283 316 257 258 312 315 296 299 301 290 293 284 285 288 304 305 307 309 311 317 320 321 323 324 326 201 202 362 364 365 332 357 360 361 366 369 372 394 397 400 351 349 352 354 398 403 482 373 405 408 410 413 414 416 418 421 423 426 428 431 434 436 438 439 441 444 445 448 449 450 452 454 455 457 483 484 463 526 528 486 489 491 493 521 524 498 495 497 499 501 508 510 511 513 514 515 517 503 504 505 506 518 520 525 530
261: 205 207 208 209 260 210 213 214 217 218 219 220 230 228 229 223 221 225 227 232 235 236 238 241 242 211 212 244 246 248 251 253 255 256 261 262 263 265 272 273 276 277 268 271 280 281 283 316 257 258 312 315 296 299 301 290 293 284 285 288 304 305 307 309 311 317 320 321 323 324 326 362 364 365 332 357 360 361 366 369 372 394 397 400 351 349 352 354 398 403 201 202 457 460 373 405 408 410 413 414 416 418 421 423 426 428 431 434 436 438 439 441 444 445 448 449 450 452 454 455 462 463 531 479 482 483 484 526 528 486 489 491 493 521 524 498 495 497 499 501 508 510 511 513 514 515 517 503 504 505 506 518 520 525 530 532 533
262: 535 205 207 208 209 260 210 213 214 217 218 219 220 230 228 229 223 221 225 227 232 235 236 238 241 242 211 212 244 246 248 251 253 255 256 261 262 263 265 272 273 276 277 268 271 280 281 283 316 257 258 312 315 296 299 301 290 293 284 285 288 304 305 307 309 311 317 320 321 323 324 326 201 202 362 364 365 332 357 360 361 366 369 372 394 397 400 351 349 352 354 398 403 482 373 405 408 410 413 414 416 418 421 423 426 428 431 434 436 438 439 441 444 445 448 449 450 452 454 455 457 483 484 463 526 528 486 489 491 493 521 524 498 495 497 499 501 508 510 511 513 514 515 517 503 504 505 506 518 520 525 530 536 537 538
280: 201 202 362 364 365 332 357 360 361 366 369 372 394 397 400 351 205 207 208 209 260 210 213 214 217 218 219 220 230 228 229 223 221 225 227 232 235 236 238 241 242 211 212 244 246 248 251 253 255 256 261 262 263 349 352 354 398 403 482 373 405 408 410 413 414 416 418 421 423 426 428 431 434 436 438 439 441 444 445 448 449 450 452 454 455 457 483 484 541 542 544 486 489 491 493 521 524 498 495 497 499 501 508 510 511 513 514 515 517 503 504 505 506 518 520 525 543 546
255: 508 510
263: 498 213 214 217 218 219 220 230 210 228 229 223 221 225 227 232 235 236 238 495 497 499 501 547 548 550 508 510 549 552
264: 213 495 497 553 554 556 557
265: 553 558 560 561
266: 553 558 560 561 562 564 565 566
267: 553 558 560 561 562 564 565 566 213 495 497 554 556 557 373 567 570 571 572
196: 213
268: 573 576
269: 579
270: 579 213 580 582 583
273: 332 357 360 586 589 591
274: 573 576 213 332 357 360 586 589 591 593 579 580 582 583 594 595 597
275: 373 213 495 497 553 554 556 557 558 560 561 332 357 360 599 601 602 604 606
276: 213 214 217 218 219 220 230 210 228 229 223 221 225 227 232 235 236 238 553 558 560 561 562 564 565 566 495 497 554 556 557 373 567 570 571 572 613 573 576 332 357 360 586 589 591 593 579 580 582 583 594 595 597 599 601 602 604 606 609 610 612 614
277: 201 202 373 349 405 408 410 413 332 357 360 428 431 434 436 438 439 441 486 489 491 493 616 498 213 214 217 218 219 220 230 210 228 229 223 221 225 227 232 235 236 238 495 497 499 501 508 510 511 513 514 515 517 244 246 248 503 211 212 241 242 251 504 505 506 518 520 521 617 618
278: 205 207 208 209 260 210 213 214 217 218 219 220 230 228 229 223 221 225 227 232 235 236 238 241 242 211 212 244 246 248 251 253 255 256 261 262 263 201 202 373 349 405 408 410 413 332 357 360 428 431 434 436 438 439 441 486 489 491 493 616 498 495 497 499 501 508 510 511 513 514 515 517 503 504 505 506 518 520 521 617 618 463 620 623 553 558 560 561 562 564 565 566 554 556 557 567 570 571 572 613 573 576 586 589 591 593 579 580 582 583 594 595 597 599 601 602 604 606 609 610 612 614 626
279: 244 218 219 220 246 248 503 211 212 213 214 217 230 210 228 229 223 221 225 227 232 235 236 238 241 242 251 504 505 506 498 495 497 499 501 547 548 550 508 510 549 552 201 202 628 629 205 207 208 209 260 253 255 256 261 262 263 373 349 405 408 410 413 332 357 360 428 431 434 436 438 439 441 486 489 491 493 616 511 513 514 515 517 518 520 521 617 618 463 620 623 553 558 560 561 562 564 565 566 554 556 557 567 570 571 572 613 573 576 586 589 591 593 579 580 582 583 594 595 597 599 601 602 604 606 609 610 612 614 626 632
281: 244 218 219 220 246 248 503 211 212 213 214 217 230 210 228 229 223 221 225 227 232 235 236 238 241 242 251 504 505 506 498 495 497 499 501 547 548 550 508 510 549 552 201 202 628 629 205 207 208 209 260 253 255 256 261 262 263 373 349 405 408 410 413 332 357 360 428 431 434 436 438 439 441 486 489 491 493 616 511 513 514 515 517 518 520 521 617 618 463 620 623 553 558 560 561 562 564 565 566 554 556 557 567 570 571 572 613 573 576 586 589 591 593 579 580 582 583 594 595 597 599 601 602 604 606 609 610 612 614 626 632 265 272 273 276 277 268 271 280 281 283 316 257 258 312 315 296 299 301 290 293 284 285 288 304 305 307 309 311 317 320 321 323 324 326 362 364 365 361 366 369 372 394 397 400 351 352 354 398 403 482 414 416 418 421 423 426 444 445 448 449 450 452 454 455 457 483 484 541 542 544 524 525 543 546 479 634 636 639
283: 201 202 362 364 365 332 357 360 361 366 369 372 394 397 400 351 205 207 208 209 260 210 213 214 217 218 219 220 230 228 229 223 221 225 227 232 235 236 238 241 242 211 212 244 246 248 251 253 255 256 261 262 263 349 352 354 398 403 482 373 405 408 410 413 414 416 418 421 423 426 428 431 434 436 438 439 441 444 445 448 449 450 452 454 455 457 483 484 463 479 640 641
282: 479 205 207 208 209 260 210 213 214 217 218 219 220 230 228 229 223 221 225 227 232 235 236 238 241 242 211 212 244 246 248 251 253 255 256 261 262 263 373 349 405 408 410 413 332 357 360 428 431 434 436 438 439 441 486 489 491 493 201 202 521 524 498 495 497 499 501 508 510 511 513 514 515 517 503 504 505 506 518 520 525 463 362 364 365 361 366 369 372 394 397 400 351 352 354 398 403 482 414 416 418 421 423 426 444 445 448 449 450 452 454 455 457 483 484 643 646 648
284: 205 207 208 209 260 210 213 214 217 218 219 220 230 228 229 223 221 225 227 232 235 236 238 241 242 211 212 244 246 248 251 253 255 256 261 262 263 265 272 273 276 277 268 271 280 281 283 316 257 258 312 315 296 299 301 290 293 284 285 288 304 305 307 309 311 317 320 321 323 324 326 503 504 505 506 498 495 497 499 501 547 548 550 508 510 549 552 201 202 628 629 373 349 405 408 410 413 332 357 360 428 431 434 436 438 439 441 486 489 491 493 616 511 513 514 515 517 518 520 521 617 618 463 620 623 553 558 560 561 562 564 565 566 554 556 557 567 570 571 572 613 573 576 586 589 591 593 579 580 582 583 594 595 597 599 601 602 604 606 609 610 612 614 626 632 650 362 364 365 361 366 369 372 394 397 400 351 352 354 398 403 482 414 416 418 421 423 426 444 445 448 449 450 452 454 455 457 483 484 479 640 641 524 525 643 646 648 652 654
285: 244 218 219 220 246 248 503 211 212 213 214 217 230 210 228 229 223 221 225 227 232 235 236 238 241 242 251 504 505 506 498 495 497 499 501 547 548 550 508 510 549 552 201 202 628 629 205 207 208 209 260 253 255 256 261 262 263 373 349 405 408 410 413 332 357 360 428 431 434 436 438 439 441 486 489 491 493 616 511 513 514 515 517 518 520 521 617 618 463 620 623 553 558 560 561 562 564 565 566 554 556 557 567 570 571 572 613 573 576 586 589 591 593 579 580 582 583 594 595 597 599 601 602 604 606 609 610 612 614 626 632 265 272 273 276 277 268 271 280 281 283 316 257 258 312 315 296 299 301 290 293 284 285 288 304 305 307 309 311 317 320 321 323 324 326 362 364 365 361 366 369 372 394 397 400 351 352 354 398 403 482 414 416 418 421 423 426 444 445 448 449 450 452 454 455 457 483 484 541 542 544 524 525 543 546 479 634 636 639 650 640 641 643 646 648 652 654 656 657 660
286: 244 218 219 220 246 248 503 211 212 213 214 217 230 210 228 229 223 221 225 227 232 235 236 238 241 242 251 504 505 506 498 495 497 499 501 547 548 550 508 510 549 552 201 202 628 629 205 207 208 209 260 253 255 256 261 262 263 373 349 405 408 410 413 332 357 360 428 431 434 436 438 439 441 486 489 491 493 616 511 513 514 515 517 518 520 521 617 618 463 620 623 553 558 560 561 562 564 565 566 554 556 557 567 570 571 572 613 573 576 586 589 591 593 579 580 582 583 594 595 597 599 601 602 604 606 609 610 612 614 626 632 265 272 273 276 277 268 271 280 281 283 316 257 258 312 315 296 299 301 290 293 284 285 288 304 305 307 309 311 317 320 321 323 324 326 362 364 365 361 366 369 372 394 397 400 351 352 354 398 403 482 414 416 418 421 423 426 444 445 448 449 450 452 454 455 457 483 484 541 542 544 524 525 543 546 479 634 636 639 650 640 641 643 646 648 652 654 656 657 660 535 526 528 530 536 537 538 327 330 331 342 345 347 333 336 337 338 339 340 346 348 467 460 462 465 374 376 391 379 381 382 383 384 386 389 390 393 470 472 474 476 531 532 533 661 662 663
235: 665
227: 362
287: 666 668
288: 666 668 669 670
290: 362 671 666 668 669 670 672 673
289: 666 668 669 670 671 674
291: 666 668 669 670 671 674 675 676
293: 677 678
294: 679 677 678 680 681
295: 683 677 678 685 687
296: 688
297: 689
298: 689 690 679 677 678 680 681 688 693 695 696 697
299: 698 701
300: 698 701 704 706 707
301: 698 701 704 706 707 689 690 679 677 678 680 681 688 693 695 696 697 709 712 714
302: 698 701 704 706 707 689 690 679 677 678 680 681 688 693 695 696 697 709 712 714 683 685 687 716 719
303: 698 701 704 706 707 689 690 679 677 678 680 681 688 693 695 696 697 709 712 714 683 685 687 716 719 722 666 668 669 670 671 674 675 676 723
304: 665 362 671 666 668 669 670 672 673 332 357 360 698 701 704 706 707 689 690 679 677 678 680 681 688 693 695 696 697 709 712 714 683 685 687 716 719 722 674 675 676 723 725 727 728 731 733
305: 666 668 669 670 671 674 734 736 737
306: 738 666 668 669 670 671 674 734 736 737 739 742
307: 689 690 679 677 678 680 681 688 693 695 696 697 743 738 666 668 669 670 671 674 734 736 737 739 742 746
271: 747 748 750 751
272: 753 754 757 758
308: 579 666 668 669 670 671 674 675 676 753 754 757 758 747 748 750 751 759 760 761 763
309: 666 668 669 670 671 674 675 676 764 765 332 357 360 766 767
310: 698 701 704 706 707 689 690 679 677 678 680 681 688 693 695 696 697 709 712 714 683 685 687 716 719 579 666 668 669 670 671 674 675 676 753 754 757 758 747 748 750 751 759 760 761 763 773 743 738 734 736 737 739 742 746 764 765 332 357 360 766 767 770 771 772 774
311: 665 362 671 666 668 669 670 672 673 332 357 360 698 701 704 706 707 689 690 679 677 678 680 681 688 693 695 696 697 709 712 714 683 685 687 716 719 722 674 675 676 723 725 727 728 731 733 777 779 781 579 753 754 757 758 747 748 750 751 759 760 761 763 773 743 738 734 736 737 739 742 746 764 765 766 767 770 771 772 774 780 782
312: 783 784 785
313: 679 677 678 680 681 786 688 783 784 785 787 790
314: 738 666 668 669 670 671 674 734 736 737 739 742 791 794 797
315: 689 690 679 677 678 680 681 688 693 695 696 697 738 666 668 669 670 671 674 734 736 737 739 742 791 794 797 332 357 360 798 799
316: 666 668 669 670 671 674 675 676 362 332 357 360 689 690 679 677 678 680 681 688 693 695 696 697 743 738 734 736 737 739 742 746 800 801 802
317: 666 668 669 670 671 674 675 676 362 332 357 360 689 690 679 677 678 680 681 688 693 695 696 697 743 738 734 736 737 739 742 746 800 801 802 747 748 750 751 803 804 806
318: 698 701 704 706 707 689 690 679 677 678 680 681 688 693 695 696 697 709 712 714 683 685 687 716 719 666 668 669 670 671 674 675 676 362 332 357 360 743 738 734 736 737 739 742 746 800 801 802 747 748 750 751 803 804 806 373 807 810 813
----------------------------------------

【mig】
385: n658 n659 n660 n661 n662 n666 n667 n668 637 n664 n665 n669 n670 n663 n671 n672 n673 n674 n675 n689 n690 n691 n692 n693 n704 n705 n684 n685 n686 n676 n677 n678 n679 n680 n681 n682 n683 n687 n688 n706 n707 n708 n709 n710 n711 n712 n713 n714 n715 n716 n717 n718 n719 n720 n695 n696 n697 n698 n699 n694 n721 n722 n723 n724 n725 n726 n727 n728 n729 n730 n731 n732 n700 n701 n702 n703 n733 n734 n735 n736 n737 n738 n739 n740
384: n689 n690 n691 n692 n693 n704 n705 637 n684 n685 n686 n676 n677 n678 n679 n680 n681 n682 n683 n687 n688 n706 n707 n708 n709 n710 n711 n712 n713 n714 n715 n716 n717 n718 n719 n720 n664 n695 n696 n697 n698 n699 n694 n721 n722 n723 n724 n725 n726 n727 n728 n729 n730 n731 n732 n700 n701 n702 n703 n733 n734 n735 n736 n737
383: n689 n690 n691 n692 n693 n704 n705 637 n684 n685 n686 n676 n677 n678 n679 n680 n681 n682 n683 n687 n688 n706 n707 n708 n709 n710 n711 n712 n713 n714 n715 n716 n717 n718 n719 n720 n664 n695 n696 n697 n698 n699 n694 n721 n722 n723 n724 n725 n726 n727 n728 n729 n730 n731 n732
382: n689 n690 n691 n692 n693 n704 n705 637 n684 n685 n686 n676 n677 n678 n679 n680 n681 n682 n683 n687 n688 n706 n707 n708 n709 n710 n711 n712 n713 n714 n715 n716 n717 n718 n719 n720 n664 n695 n696 n697 n698 n699 n694 n721 n722 n723 n724 n725 n726 n727 n728
381: n684 n685 n686 n676 n677 n678 n679 n680 n681 n682 n683 n687 n688 637 n692 n693 n694 n721 n722 n723 n724
380: n692 n693 n704 n705 637 n684 n685 n686 n676 n677 n678 n679 n680 n681 n682 n683 n687 n688 n706 n707 n708 n709 n710 n711 n712 n713 n714 n715 n716 n717 n718 n719 n720
379: 637 n714 n715 n716
378: n714
377: n692 n693 n704 n705 637 n684 n685 n686 n676 n677 n678 n679 n680 n681 n682 n683 n687 n688 n706 n707 n708 n709 n710 n711 n712 n713
376: 637 n684 n685 n686 n676 n677 n678 n679 n680 n681 n682 n683 n687 n688 n706 n707 n708
365: n693 n704 n705
369: 637 n692 n693 n694 n664 n695 n696 n697 n698 n699 n700 n701 n702 n703
368: n664 n695 n696 n697 n698 n699
367: 637 n692 n693 n694
366: n692
364: n689 n690 n691
375: n684 n685 n686 n676 n677 n678 n679 n680 n681 n682 n683 n687 n688
374: n684 n685 n686
373: n683
372: n679 n680 n681 n682
371: n679 n680
370: n676 n677 n678
363: n658 n659 n660 n661 n662 n666 n667 n668 637 n664 n665 n669 n670 n663 n671 n672 n673 n674 n675
362: n666 n667 n668 637 n664 n665 n669 n670
361: n666 n667 n668
360: n665
359: n664
292: 637
358: n663
357: n658 n659 n660 n661 n662
356: n658 n659 n660
355: 782 783 785 787 789 791 792 811 813 815 794 795 797 799 800 802 803 805 806 808 809 816 818 820 821 823 824 826 n620 827 829 830 n611 n612 n613 n614 n615 n616 n624 n625 n617 n618 n619 n626 n627 832 833 834 835 836 837 838 840 842 844 n603 n604 n605 n606 n607 n608 n609 n610 n621 n622 n623 n628 n629 n630 n631 n632 n633 n634 n635 n636 n637 n638 n639 n640 n641 n642 n643 n644 n645 n646 n647 n648 n649 n650 n651 n652 n653 n654 n655 n656 n657
347: n620 827 829 830 n611 n612 n613 n614 n615 n616 n624 n625 n617 n618 n619 n626 n627 832 833 834 835 836 837 838 840 842 844 n603 n604 n605 n606 n607 n608 n609 n610 n621 n622 n623 782 783 785 787 789 791 792 794 n628 n629 n630 n631 n632 n633 n634 n635 n636 n637 n638 n639 n640 n641 n642 n643 n644 n645 n646 n647 n648 n649 n650 n651 n652 n653
346: n620 827 829 830 n611 n612 n613 n614 n615 n616 n624 n625 n617 n618 n619 n626 n627 832 833 834 835 836 837 838 840 842 844 n603 n604 n605 n606 n607 n608 n609 n610 n621 n622 n623 782 783 785 787 789 791 792 794 n628 n629 n630 n631 n632 n633 n634 n635 n636 n637 n638 n639 n640 n641 n642 n643 n644 n645 n646 n647 n648 n649 n650
345: n620 827 829 830 n633 n611 n612 n613 n634 n635 n636 n637 n638 782 783 785 787 789 791 792 794 n639 n640 n641 n642 n643 n644 n645 n646
344: 827 829 830 n642 n643 n644 n645
343: n642 n643
342: 827 829 830 n633 n611 n612 n613 n634 n635 n636 n637 n638 782 783 785 787 789 791 792 794 n639 n640 n641
341: 827 829 830 n633 n611 n612 n613 n634 n635 n636 n637 n638
340: 827 829 830 n633 n611 n612 n613 n634 n635
339: n620 827 829 830 n611 n612 n613 n614 n615 n616 n624 n625 n617 n618 n619 n626 n627 832 833 834 835 836 837 838 840 842 844 n603 n604 n605 n606 n607 n608 n609 n610 n621 n622 n623 782 783 785 787 789 791 792 794 n628 n629 n630 n631 n632
338: n620 827 829 830 n611 n612 n613 n614 n615 n616 n624 n625 n617 n618 n619 n626 n627
337: n620 827 829 830 n611 n612 n613 n614 n615 n616 n624 n625
332: n620
336: n620 n611 n612 n613 827 829 830 n614 n615 n616 n617 n618 n619 n621 n622 n623
335: n611 n612 n613 827 829 830 n614 n615 n616 n617 n618 n619
334: n614 n615 n616
333: n611 n612 n613
328: 827 829 830 832 833 834 835 836 837 838 840 842 844 n603 n604 n605 n606 n607 n608 n609 n610
324: 832 833 834 844 n603 n604 n605 n606 n607 n608
323: n604 n605
322: 844 n603
327: 827 829 830 832 833 834 838 840 842
326: 827 829 830 832 833 834 835 836 837
321: 832 833 834
325: 827 829 830
354: 782 783 785 787 789 791 792 811 813 815 794 795 797 799 800 802 803 805 806 808 809 816 818 820 821 823 824 826
352: 782 783 785 787 789 791 792 794 816 818 820 821 823
353: 782 783 785 787 789 791 792 811 813 815
351: 782 783 785 787 789 791 792 794 795 797 799 800 802 803 805 806 808 809
350: 802 803 805 806 808
349: 802 803 805
348: 782 783 785 787 789 791 792 794 795 797 799 800
331: 782 783 785 787 789 791 792 794
330: 782 783 785 787 789 791 792
329: 782 783 785 787
320: 422 424 426 202 203 337 361 363 320 322 323 639 637 638 641 642 647 649 650 652 662 664 653 654 656 658 660 666 668 643 644 646 670 672 673 628 618 619 620 622 629 630 632 633 634 636 674 676 677 616 326 623 624 625 627 679 680 716 718 720 721 690 684 681 683 686 688 692 693 695 531 697 699 700 702 710 704 706 708 712 714 723 724 726 728 729 731 744 745 747 748 749 769 770 772 739 733 735 737 741 743 339 341 750 752 753 755 756 758 760 761 763 765 767 774 776 777 778 780
250: 429 316 366 368 369 431 433
249: 202 203 316 317 206 205 229 231 232 209 211 212 214 215 217 218 219 224 221 222 223 225 227 234 236 237 238 240 242 207 244 246 248 249 250 252 258 260 318 319 320 322 323 324 326 328 329 331 333 337 361 363 365 374 339 341 366 368 369 371 372 373 376 377 378 380 382 387 388 389 391 392 394 383 384 385 395 397 428
234: 422 424 426
248: 417 419 420
247: 408 374 206 205 229 231 232 209 211 212 214 215 217 218 219 224 221 222 223 225 227 234 236 237 238 240 242 207 244 246 248 249 250 252 258 260 337 339 341 316 366 368 369 371 372 373 376 377 378 380 382 387 388 320 322 323 389 391 392 394 383 384 385 395 397 254 256 257 290 291 267 268 269 262 264 265 271 272 274 275 276 278 280 281 283 284 285 287 288 293 295 296 297 202 203 317 318 319 324 326 328 329 331 333 361 363 365 399 401 403 405 406 410 411 299 300 301 303 305 306 307 308 309 311 312 313 315 343 345 347 349 351 334 335 336 353 355 357 359 360 413 415
246: 408 374 206 205 229 231 232 209 211 212 214 215 217 218 219 224 221 222 223 225 227 234 236 237 238 240 242 207 244 246 248 249 250 252 258 260 337 339 341 316 366 368 369 371 372 373 376 377 378 380 382 387 388 320 322 323 389 391 392 394 383 384 385 395 397 254 256 257 290 291 267 268 269 262 264 265 271 272 274 275 276 278 280 281 283 284 285 287 288 293 295 296 297 202 203 317 318 319 324 326 328 329 331 333 361 363 365 399 401 403 405 406 410 411
245: 374 206 205 229 231 232 209 211 212 214 215 217 218 219 224 221 222 223 225 227 234 236 237 238 240 242 207 244 246 248 249 250 252 258 260 337 339 341 316 366 368 369 371 372 373 376 377 378 380 382 387 388 320 322 323 389 391 392 394 383 384 385 395 397 254 256 257 290 291 267 268 269 262 264 265 271 272 274 275 276 278 280 281 283 284 285 287 288 293 295 296 297 202 203 317 318 319 324 326 328 329 331 333 361 363 365 399 401 403 405 406
243: 374 206 205 229 231 232 209 211 212 214 215 217 218 219 224 221 222 223 225 227 234 236 237 238 240 242 207 244 246 248 249 250 252 258 260 337 339 341 316 366 368 369 371 372 373 376 377 378 380 382 387 388 320 322 323 389 391 392 394 383 384 385 395 397
242: 337 339 341 374 316 378 380 382 387 388 320 322 323 389 366 368 369 391 392
241: 337 339 341 374 316 378 380 382 387 388
240: 337 339 341 316 366 368 369 320 322 323 378 380 382 383 384 385
239: 316 378 380 382
238: 374 206 205 229 231 232 209 211 212 214 215 217 218 219 224 221 222 223 225 227 234 236 237 238 240 242 207 244 246 248 249 250 252 258 260 337 339 341 316 366 368 369 371 372 373 376 377
237: 337 339 341 316 366 368 369 371 372 373
236: 316 366 368 369
244: 316 317 206 205 229 231 232 209 211 212 214 215 217 218 219 224 221 222 223 225 227 234 236 237 238 240 242 207 244 246 248 249 250 252 258 260 318 319 320 322 323 324 326 328 329 331 333 337 361 363 365
233: 324 320 322 323 337 339 341 343 345 347 326 328 329 331 333 349 351 316 317 206 205 229 231 232 209 211 212 214 215 217 218 219 224 221 222 223 225 227 234 236 237 238 240 242 207 244 246 248 249 250 252 258 260 318 319 334 335 336 254 256 257 290 291 267 268 269 262 264 265 271 272 274 275 276 278 280 281 283 284 285 287 288 293 295 296 297 353 355 357 359 360
232: 324 320 322 323 337 339 341 343 345 347 326 328 329 331 333 349 351
231: 324 320 322 323 337 339 341 343 345
252: 438 440 441 442 444
193: 337 339 341
230: 320 322 323 324 326 328 329 331 333 334 335 336
229: 320 322 323 324 326 328 329 331 333
228: 326 328
253: 229 231 232 209 211 212 214 215 217 218 219 224 221 222 223 225 227 234 236 445 438 440 441 442 444 447 448
194: 324
221: 320 322 323
226: 316 317 206 205 229 231 232 209 211 212 214 215 217 218 219 224 221 222 223 225 227 234 236 237 238 240 242 207 244 246 248 249 250 252 258 260 318 319
225: 316
207: 229 231 232 209 211 212 214 215 217 218 219 224 221 222 223 225 227 234 236 237 238 240 242 206 207 244 246 248 249 250 252
206: 217 218 219 244 246 248
204: 229 231 232 209 211 212 214 215 217 218 219 224 221 222 223 225 227 234 236
203: 229 231 232
200: 224 221 222 223 225 227
199: 221 222 223
198: 217 218 219
197: 209 211 212 214 215
202: 206 207
201: 206
195: 205
224: 206 229 231 232 209 211 212 214 215 217 218 219 224 221 222 223 225 227 234 236 237 238 240 242 207 244 246 248 249 250 252 205 254 256 257 290 291 267 268 258 260 269 262 264 265 271 272 274 275 276 278 280 281 283 284 285 287 288 293 295 296 297 299 300 301 303 305 306 307 308 309 311 312 313 315
205: 229 231 232 209 211 212 214 215 217 218 219 224 221 222 223 225 227 234 236 237 238 240 242
251: 374 337 339 341 316 366 368 369 320 322 323 378 380 382 383 384 385 429 431 433 434 436
192: 202 203
319: 320 322 323 326 684 628 618 619 620 622 629 630 632 681 683 686 688 744 745 747 639 637 638 641 642 647 649 650 652 748 749 769 770 772 739 733 735 737 741 743 662 664 653 654 656 658 660 666 668 643 644 646 670 672 337 339 341 633 634 636 750 690 692 693 695 752 753 755 697 699 700 702 756 758 760 761 763 765 767 774 776 777
216: 229 231 232 209 211 212 214 215 217 218 219 224 221 222 223 225 227 234 236 237 238 240 242 206 207 244 246 248 249 250 252 205 254 256 257
208: 206 205 229 231 232 209 211 212 214 215 217 218 219 224 221 222 223 225 227 234 236 237 238 240 242 207 244 246 248 249 250 252 258 260
209: 262 264 265
210: 205 267 268
211: 205 267 268 206 229 231 232 209 211 212 214 215 217 218 219 224 221 222 223 225 227 234 236 237 238 240 242 207 244 246 248 249 250 252 258 260 269 262 264 265 271 272 274
212: 217 218 219 275 276 278
213: 280 281
214: 283 217 218 219 284 285
215: 217 218 219 275 276 278 280 281 283 284 285 287 288
217: 229 231 232 209 211 212 214 215 217 218 219 224 221 222 223 225 227 234 236 237 238 240 242 206 207 244 246 248 249 250 252 205 254 256 257 290 291
218: 229 231 232 209 211 212 214 215 217 218 219 224 221 222 223 225 227 234 236 237 238 240 242 206 207 244 246 248 249 250 252 205 254 256 257 290 291 267 268 258 260 269 262 264 265 271 272 274 275 276 278 280 281 283 284 285 287 288 293 295
219: 206 229 231 232 209 211 212 214 215 217 218 219 224 221 222 223 225 227 234 236 237 238 240 242 207 244 246 248 249 250 252 205 254 256 257 290 291 267 268 258 260 269 262 264 265 271 272 274 275 276 278 280 281 283 284 285 287 288 293 295 296 297
220: 206 229 231 232 209 211 212 214 215 217 218 219 224 221 222 223 225 227 234 236 237 238 240 242 207 244 246 248 249 250 252 205 254 256 257 290 291 267 268 258 260 269 262 264 265 271 272 274 275 276 278 280 281 283 284 285 287 288 293 295 296 297 299 300 301
222: 303 305 306
223: 303 305 306 307 308 309
254: 206 207 229 231 232 209 211 212 214 215 217 218 219 224 221 222 223 225 227 234 236 237 238 240 242 244 246 248 450 452
256: 229 231 232 209 211 212 214 215 217 218 219 224 221 222 223 225 227 234 236 445 438 440 441 442 444 447 448 454 455 457
257: 337 339 341 458 229 231 232 209 211 212 214 215 217 218 219 224 221 222 223 225 227 234 236 445 438 440 441 442 444 447 448 454 455 457 460 461 463
258: 337 339 341 458 229 231 232 209 211 212 214 215 217 218 219 224 221 222 223 225 227 234 236 445 438 440 441 442 444 447 448 454 455 457 460 461 463 206 207 237 238 240 242 244 246 248 450 452 465 466
259: 337 339 341 458 229 231 232 209 211 212 214 215 217 218 219 224 221 222 223 225 227 234 236 445 438 440 441 442 444 447 448 454 455 457 460 461 463 206 207 237 238 240 242 244 246 248 450 452 465 466 205 249 250 252 258 260 202 203 374 316 366 368 369 320 322 323 378 380 382 383 384 385 429 431 433 434 436 468 469 471 473 475
260: 337 339 341 458 229 231 232 209 211 212 214 215 217 218 219 224 221 222 223 225 227 234 236 445 438 440 441 442 444 447 448 454 455 457 460 461 463 206 207 237 238 240 242 244 246 248 450 452 465 466 205 249 250 252 258 260 202 203 374 316 366 368 369 320 322 323 378 380 382 383 384 385 429 431 433 434 436 468 469 471 473 475 254 256 257 290 291 267 268 269 262 264 265 271 272 274 275 276 278 280 281 283 284 285 287 288 293 295 296 297 422 424 426 317 318 319 324 326 328 329 331 333 361 363 365 371 372 373 376 377 387 388 389 391 392 394 395 397 428 476 478 480 482 483
261: 337 339 341 458 229 231 232 209 211 212 214 215 217 218 219 224 221 222 223 225 227 234 236 445 438 440 441 442 444 447 448 454 455 457 460 461 463 206 207 237 238 240 242 244 246 248 450 452 465 466 205 249 250 252 258 260 202 203 374 316 366 368 369 320 322 323 378 380 382 383 384 385 429 431 433 434 436 468 469 471 473 475 254 256 257 290 291 267 268 269 262 264 265 271 272 274 275 276 278 280 281 283 284 285 287 288 293 295 296 297 422 424 426 317 318 319 324 326 328 329 331 333 361 363 365 371 372 373 376 377 387 388 389 391 392 394 395 397 428 476 478 480 482 483 399 401 403 405 406 485 417 419 420 487 489
262: 490 337 339 341 458 229 231 232 209 211 212 214 215 217 218 219 224 221 222 223 225 227 234 236 445 438 440 441 442 444 447 448 454 455 457 460 461 463 206 207 237 238 240 242 244 246 248 450 452 465 466 205 249 250 252 258 260 202 203 374 316 366 368 369 320 322 323 378 380 382 383 384 385 429 431 433 434 436 468 469 471 473 475 254 256 257 290 291 267 268 269 262 264 265 271 272 274 275 276 278 280 281 283 284 285 287 288 293 295 296 297 422 424 426 317 318 319 324 326 328 329 331 333 361 363 365 371 372 373 376 377 387 388 389 391 392 394 395 397 428 476 478 480 482 483 491 492 493 494
280: 202 203 316 317 206 205 229 231 232 209 211 212 214 215 217 218 219 224 221 222 223 225 227 234 236 237 238 240 242 207 244 246 248 249 250 252 258 260 318 319 320 322 323 324 326 328 329 331 333 337 361 363 365 374 339 341 366 368 369 371 372 373 376 377 378 380 382 387 388 389 391 392 394 383 384 385 395 397 428 458 445 438 440 441 442 444 447 448 454 455 457 460 461 463 450 452 465 466 429 431 433 434 436 468 469 471 473 475 495 497 498 500
255: 502 504
263: 311 312 313 229 231 232 209 211 212 214 215 217 218 219 224 221 222 223 225 227 234 236 445 438 440 441 442 444 447 448 502 504 506
264: 438 440 441 442 444 507 509 510
265: 512 513 515
266: 311 512 513 515 517 518 519
267: 438 440 441 442 444 507 509 510 311 512 513 515 517 518 519 521 337 339 341 522 523
196: 525
268: 526 527 528 530
269: 531
270: 525 531 532 534 536
273: 320 322 323 538 539 540
274: 526 527 528 530 525 531 532 534 536 542 320 322 323 538 539 540 544 546 548
275: 337 339 341 320 322 323 438 440 441 442 444 507 509 510 512 513 515 550 552 554 556 557
276: 337 339 341 320 322 323 438 440 441 442 444 507 509 510 512 513 515 550 552 554 556 557 311 517 518 519 521 522 523 526 527 528 530 525 531 532 534 536 542 538 539 540 544 546 548 229 231 232 209 211 212 214 215 217 218 219 224 221 222 223 225 227 234 236 558 560 561 563 565
277: 202 203 374 337 339 341 316 366 368 369 320 322 323 378 380 382 383 384 385 429 431 433 434 436 458 229 231 232 209 211 212 214 215 217 218 219 224 221 222 223 225 227 234 236 445 438 440 441 442 444 447 448 454 455 457 460 461 463 206 207 237 238 240 242 244 246 248 450 452 465 466 566
278: 337 339 341 320 322 323 438 440 441 442 444 507 509 510 512 513 515 550 552 554 556 557 311 517 518 519 521 522 523 526 527 528 530 525 531 532 534 536 542 538 539 540 544 546 548 229 231 232 209 211 212 214 215 217 218 219 224 221 222 223 225 227 234 236 558 560 561 563 565 206 205 237 238 240 242 207 244 246 248 249 250 252 258 260 422 424 426 202 203 374 316 366 368 369 378 380 382 383 384 385 429 431 433 434 436 458 445 447 448 454 455 457 460 461 463 450 452 465 466 566 568 569 571 572 573
279: 337 339 341 320 322 323 438 440 441 442 444 507 509 510 512 513 515 550 552 554 556 557 311 517 518 519 521 522 523 526 527 528 530 525 531 532 534 536 542 538 539 540 544 546 548 229 231 232 209 211 212 214 215 217 218 219 224 221 222 223 225 227 234 236 558 560 561 563 565 206 205 237 238 240 242 207 244 246 248 249 250 252 258 260 422 424 426 202 203 374 316 366 368 369 378 380 382 383 384 385 429 431 433 434 436 458 445 447 448 454 455 457 460 461 463 450 452 465 466 566 568 569 571 572 573 312 313 502 504 506 575 577 579 581 583
281: 337 339 341 320 322 323 438 440 441 442 444 507 509 510 512 513 515 550 552 554 556 557 311 517 518 519 521 522 523 526 527 528 530 525 531 532 534 536 542 538 539 540 544 546 548 229 231 232 209 211 212 214 215 217 218 219 224 221 222 223 225 227 234 236 558 560 561 563 565 206 205 237 238 240 242 207 244 246 248 249 250 252 258 260 422 424 426 202 203 374 316 366 368 369 378 380 382 383 384 385 429 431 433 434 436 458 445 447 448 454 455 457 460 461 463 450 452 465 466 566 568 569 571 572 573 312 313 502 504 506 575 577 579 581 583 254 256 257 290 291 267 268 269 262 264 265 271 272 274 275 276 278 280 281 283 284 285 287 288 293 295 296 297 417 419 420 317 318 319 324 326 328 329 331 333 361 363 365 371 372 373 376 377 387 388 389 391 392 394 395 397 428 468 469 471 473 475 495 497 498 500 585 586 588
283: 589 591 202 203 316 317 206 205 229 231 232 209 211 212 214 215 217 218 219 224 221 222 223 225 227 234 236 237 238 240 242 207 244 246 248 249 250 252 258 260 318 319 320 322 323 324 326 328 329 331 333 337 361 363 365 374 339 341 366 368 369 371 372 373 376 377 378 380 382 387 388 389 391 392 394 383 384 385 395 397 428 592 593
282: 417 419 420 337 339 341 458 229 231 232 209 211 212 214 215 217 218 219 224 221 222 223 225 227 234 236 445 438 440 441 442 444 447 448 454 455 457 460 461 463 206 207 237 238 240 242 244 246 248 450 452 465 466 205 249 250 252 258 260 202 203 374 316 366 368 369 320 322 323 378 380 382 383 384 385 429 431 433 434 436 468 469 471 473 475 594 422 424 426 317 318 319 324 326 328 329 331 333 361 363 365 371 372 373 376 377 387 388 389 391 392 394 395 397 428 596 598
284: 206 229 231 232 209 211 212 214 215 217 218 219 224 221 222 223 225 227 234 236 237 238 240 242 207 244 246 248 249 250 252 205 254 256 257 290 291 267 268 258 260 269 262 264 265 271 272 274 275 276 278 280 281 283 284 285 287 288 293 295 296 297 337 339 341 320 322 323 438 440 441 442 444 507 509 510 512 513 515 550 552 554 556 557 311 517 518 519 521 522 523 526 527 528 530 525 531 532 534 536 542 538 539 540 544 546 548 558 560 561 563 565 422 424 426 202 203 374 316 366 368 369 378 380 382 383 384 385 429 431 433 434 436 458 445 447 448 454 455 457 460 461 463 450 452 465 466 566 568 569 571 572 573 312 313 502 504 506 575 577 579 581 583 600 589 591 317 318 319 324 326 328 329 331 333 361 363 365 371 372 373 376 377 387 388 389 391 392 394 395 397 428 592 593 417 419 420 468 469 471 473 475 594 596 598 602 604
285: 337 339 341 320 322 323 438 440 441 442 444 507 509 510 512 513 515 550 552 554 556 557 311 517 518 519 521 522 523 526 527 528 530 525 531 532 534 536 542 538 539 540 544 546 548 229 231 232 209 211 212 214 215 217 218 219 224 221 222 223 225 227 234 236 558 560 561 563 565 206 205 237 238 240 242 207 244 246 248 249 250 252 258 260 422 424 426 202 203 374 316 366 368 369 378 380 382 383 384 385 429 431 433 434 436 458 445 447 448 454 455 457 460 461 463 450 452 465 466 566 568 569 571 572 573 312 313 502 504 506 575 577 579 581 583 254 256 257 290 291 267 268 269 262 264 265 271 272 274 275 276 278 280 281 283 284 285 287 288 293 295 296 297 417 419 420 317 318 319 324 326 328 329 331 333 361 363 365 371 372 373 376 377 387 388 389 391 392 394 395 397 428 468 469 471 473 475 495 497 498 500 585 586 588 600 589 591 592 593 594 596 598 602 604 605 607 609
286: 490 337 339 341 458 229 231 232 209 211 212 214 215 217 218 219 224 221 222 223 225 227 234 236 445 438 440 441 442 444 447 448 454 455 457 460 461 463 206 207 237 238 240 242 244 246 248 450 452 465 466 205 249 250 252 258 260 202 203 374 316 366 368 369 320 322 323 378 380 382 383 384 385 429 431 433 434 436 468 469 471 473 475 254 256 257 290 291 267 268 269 262 264 265 271 272 274 275 276 278 280 281 283 284 285 287 288 293 295 296 297 422 424 426 317 318 319 324 326 328 329 331 333 361 363 365 371 372 373 376 377 387 388 389 391 392 394 395 397 428 476 478 480 482 483 491 492 493 494 507 509 510 512 513 515 550 552 554 556 557 311 517 518 519 521 522 523 526 527 528 530 525 531 532 534 536 542 538 539 540 544 546 548 558 560 561 563 565 566 568 569 571 572 573 312 313 502 504 506 575 577 579 581 583 417 419 420 495 497 498 500 585 586 588 600 589 591 592 593 594 596 598 602 604 605 607 609 408 399 401 403 405 406 410 411 299 300 301 303 305 306 307 308 309 315 343 345 347 349 351 334 335 336 353 355 357 359 360 413 415 485 487 489 611 613 614
235: 616
227: 326
287: 618 619
288: 618 619 620 622
290: 326 618 619 620 622 623 624 625 627
289: 628 618 619 620 622 629 630
291: 628 618 619 620 622 629 630 632 633 634 636
293: 637 638
294: 639 637 638 641 642
295: 643 637 638 644 646
296: 647
297: 649
298: 639 637 638 641 642 647 649 650 652
299: 653 654
300: 653 654 656 658 660
301: 639 637 638 641 642 647 649 650 652 662 664 653 654 656 658 660 666 668
302: 639 637 638 641 642 647 649 650 652 662 664 653 654 656 658 660 666 668 643 644 646 670 672
303: 639 637 638 641 642 647 649 650 652 662 664 653 654 656 658 660 666 668 643 644 646 670 672 673 628 618 619 620 622 629 630 632 633 634 636 674 676 677
304: 320 322 323 639 637 638 641 642 647 649 650 652 662 664 653 654 656 658 660 666 668 643 644 646 670 672 673 628 618 619 620 622 629 630 632 633 634 636 674 676 677 616 326 623 624 625 627 679 680
305: 628 618 619 620 622 629 630 632 681 683
306: 684 628 618 619 620 622 629 630 632 681 683 686 688
307: 639 637 638 641 642 647 649 650 652 690 684 628 618 619 620 622 629 630 632 681 683 686 688 692 693 695
271: 697 699 700 702
272: 322 704 706 708
308: 531 628 618 619 620 622 629 630 632 633 634 636 697 699 700 702 710 322 704 706 708 712 714
309: 616 320 322 323 628 618 619 620 622 629 630 632 633 634 636 716 718 720 721
310: 616 320 322 323 628 618 619 620 622 629 630 632 633 634 636 716 718 720 721 639 637 638 641 642 647 649 650 652 690 684 681 683 686 688 692 693 695 531 697 699 700 702 710 704 706 708 712 714 662 664 653 654 656 658 660 666 668 643 644 646 670 672 723 724 726 728 729
311: 337 361 363 320 322 323 639 637 638 641 642 647 649 650 652 662 664 653 654 656 658 660 666 668 643 644 646 670 672 673 628 618 619 620 622 629 630 632 633 634 636 674 676 677 616 326 623 624 625 627 679 680 716 718 720 721 690 684 681 683 686 688 692 693 695 531 697 699 700 702 710 704 706 708 712 714 723 724 726 728 729 731
312: 733 735 737
313: 639 637 638 641 642 739 647 733 735 737 741 743
314: 326 684 628 618 619 620 622 629 630 632 681 683 686 688 744 745
315: 320 322 323 326 684 628 618 619 620 622 629 630 632 681 683 686 688 744 745 747 639 637 638 641 642 647 649 650 652 748 749
316: 326 628 618 619 620 622 629 630 632 633 634 636 750 320 322 323 639 637 638 641 642 647 649 650 652 690 684 681 683 686 688 692 693 695 752 753
317: 326 628 618 619 620 622 629 630 632 633 634 636 750 320 322 323 639 637 638 641 642 647 649 650 652 690 684 681 683 686 688 692 693 695 752 753 755 697 699 700 702 756 758
318: 628 618 619 620 622 629 630 632 681 683 639 637 638 641 642 647 649 650 652 662 664 653 654 656 658 660 666 668 643 644 646 670 672 337 339 341 326 633 634 636 750 320 322 323 690 684 686 688 692 693 695 752 753 755 697 699 700 702 756 758 760 761 763 765 767
----------------------------------------

【xmg】
385: 648 n599 n600 n591 n592 n593 n594 n595 n596 n597 n598 n601 n602 n584 n581 n604 n605 n606 n607 n582 n608 n609 n610 n611 n603 n633 n634 n612 n613 n614 n615 n616 n617 n618 n619 n620 n621 n622 n623 n624 n625 n626 n627 n628 n629 n630 n631 n632 n635 n580 n583 n585 n586 n587 n575 n576 n577 n578 n579 n588 n589 n590 n636
384: 648 n599 n600 n591 n592 n593 n594 n595 n596 n597 n598 n601 n602 n584 n581 n604 n605 n606 n607 n582 n608 n609 n610 n611 n603 n633 n634 n612 n613 n614 n615 n616 n617 n618 n619 n620 n621 n622 n623 n624 n625 n626 n627 n628 n629 n630 n631 n632 n635
383: n603 n584 n612 n613 n614 648 n599 n600 n591 n592 n593 n594 n595 n596 n597 n598 n601 n602 n605 n581 n615 n616 n617 n604 n618 n619 n620 n621 n622 n623 n624 n606 n625 n626 n627 n607 n582 n608 n609 n610 n628 n629 n630 n631 n632
382: n603 n584 n612 n613 n614 648 n599 n600 n591 n592 n593 n594 n595 n596 n597 n598 n601 n602 n605 n581 n615 n616 n617 n604 n618 n619 n620 n621 n622 n623 n624 n606 n625 n626 n627 n607 n582 n608 n609 n610 n628 n629
381: 648 n599 n600 n591 n592 n593 n594 n595 n596 n597 n598 n601 n602 n581 n604 n605 n606 n625 n626 n627
380: n584 n612 n613 n614 648 n599 n600 n591 n592 n593 n594 n595 n596 n597 n598 n601 n602 n605 n581 n615 n616 n617 n604 n618 n619 n620 n621 n622 n623 n624
379: n581 n621 n622 n623
378: n621
377: n612 n613 n614 648 n599 n600 n591 n592 n593 n594 n595 n596 n597 n598 n601 n602 n605 n581 n615 n616 n617 n604 n618 n619 n620
376: 648 n599 n600 n591 n592 n593 n594 n595 n596 n597 n598 n601 n602 n605 n581 n615 n616
365: n612 n613 n614
369: n584 n581 n604 n605 n606 n607 n582 n608 n609 n610 n611
368: n607 n582 n608 n609 n610
367: n581 n604 n605 n606
366: n604
364: n603
375: 648 n599 n600 n591 n592 n593 n594 n595 n596 n597 n598 n601 n602
374: 648 n599 n600
373: n598
372: n594 n595 n596 n597
371: n594 n595
370: n591 n592 n593
363: n580 n584 n581 n582 n583 n585 n586 n587 n575 n576 n577 n578 n579 n588 n589 n590
362: n584 n581 n582 n583 n585 n586
361: n584
360: n583
359: n582
292: n581
358: n580
357: n575 n576 n577 n578 n579
356: n575 n576 n577
355: 640 638 639 642 644 654 655 645 646 647 648 649 651 653 656 658 660 661 662 n545 664 665 693 694 696 698 700 702 n544 n546 n552 667 668 669 680 682 683 685 686 688 689 670 671 672 674 676 678 690 692 n553 n547 n548 n549 n550 n551 n554 n555 n556 n557 n558 n559 n560 n561 n562 n563 n564 n565 n566 n567 n568 n569 n570 n571 n572 n573 n574
347: 640 638 639 642 644 645 n545 664 665 693 694 696 698 700 702 n544 n546 n552 667 668 669 680 682 683 685 686 688 689 670 671 672 674 676 678 690 692 n553 n547 n548 n549 n550 n551 n554 n555 n556 n557 n558 n559 n560 n561 n562 n563 n564 n565 n566 n567 n568 n569 n570 n571
346: 640 638 639 642 644 645 n545 664 665 693 694 696 698 700 702 n544 n546 n552 667 668 669 680 682 683 685 686 688 689 670 671 672 674 676 678 690 692 n553 n547 n548 n549 n550 n551 n554 n555 n556 n557 n558 n559 n560 n561 n562 n563 n564 n565 n566 n567 n568 n569 n570
345: n545 693 664 665 n556 n557 n558 n559 n560 n561 640 638 639 642 644 645 n562 n563 n564 n565 n566 n567 n568
344: 664 665 n564 n565 n566 n567
343: n564 n565
342: 693 664 665 n556 n557 n558 n559 n560 n561 640 638 639 642 644 645 n562 n563
341: 664 665 n556 693 n557 n558 n559 n560 n561
340: 664 665 n556 693 n557 n558
339: 640 638 639 642 644 645 n545 664 665 693 694 696 698 700 702 n544 n546 n552 667 668 669 680 682 683 685 686 688 689 670 671 672 674 676 678 690 692 n553 n547 n548 n549 n550 n551 n554 n555
338: n545 664 665 693 694 696 698 n547 n548 n549 700 702 n544 n550 n551
337: n545 664 665 693 694 696 698 n547 n548
332: n545
336: n545 664 665 693 694 696 698 700 702 n544 n546
335: 664 665 693 694 696 698 700 702 n544
334: 694 696 698
333: 693
328: 667 668 669 680 682 683 685 686 688 689 664 665 670 671 672 674 676 678 690 692
324: 667 668 669 680 682 683 685 686 688 689
323: 683 685
322: 680 682
327: 664 665 667 668 669 674 676 678
326: 664 665 667 668 669 670 671 672
321: 667 668 669
325: 664 665
354: 640 638 639 642 644 654 655 645 646 647 648 649 651 653 656 658 660 661 662
352: 640 638 639 642 644 645 656 658 660
353: 640 638 639 642 644 654 655
351: 640 638 639 642 644 645 646 647 648 649 651 653
350: 648 649 651
349: 648
348: 640 638 639 642 644 645 646 647
331: 640 638 639 642 644 645
330: 640 638 639 642 644
329: 638 639
320: 371 199 291 300 301 546 548 550 552 553 530 531 532 534 535 540 542 543 544 555 557 558 536 537 539 560 562 563 517 518 519 520 525 526 527 529 565 514 516 521 522 523 567 569 451 582 583 585 588 586 587 590 592 599 579 570 571 572 574 576 577 581 600 594 595 597 602 603 604 619 620 621 622 623 625 627 628 629 614 616 617 618 630 632 606 607 608 610 612 613 634 636 637
250: 294 332 334 335 291 381 382
249: 199 291 201 200 216 217 219 205 207 208 210 211 212 213 214 215 220 222 223 224 226 227 229 230 202 203 231 232 238 240 295 294 296 298 300 301 304 306 303 307 308 309 331 341 332 334 335 337 338 339 343 344 346 347 349 356 357 358 359 360 361 351 352 354 363 365 380
234: 371
248: 378
247: 216 217 219 205 207 208 210 211 212 213 214 215 220 222 223 224 226 227 229 230 202 203 231 232 200 234 201 235 236 269 270 238 240 244 246 247 242 243 249 250 252 253 254 256 258 259 261 262 264 266 268 272 274 276 277 278 291 295 294 296 298 300 301 304 306 303 307 308 309 331 199 366 368 341 332 334 335 337 338 339 343 344 346 347 349 356 357 358 359 360 361 351 352 354 363 365 370 371 372 280 281 282 283 284 285 287 289 290 292 310 311 324 325 312 314 316 318 320 322 327 329 374 376
246: 216 217 219 205 207 208 210 211 212 213 214 215 220 222 223 224 226 227 229 230 202 203 231 232 200 234 201 235 236 269 270 238 240 244 246 247 242 243 249 250 252 253 254 256 258 259 261 262 264 266 268 272 274 276 277 278 291 295 294 296 298 300 301 304 306 303 307 308 309 331 199 366 368 341 332 334 335 337 338 339 343 344 346 347 349 356 357 358 359 360 361 351 352 354 363 365 370 371 372
245: 216 217 219 205 207 208 210 211 212 213 214 215 220 222 223 224 226 227 229 230 202 203 231 232 200 234 201 235 236 269 270 238 240 244 246 247 242 243 249 250 252 253 254 256 258 259 261 262 264 266 268 272 274 276 277 278 291 295 294 296 298 300 301 304 306 303 307 308 309 331 199 366 368 341 332 334 335 337 338 339 343 344 346 347 349 356 357 358 359 360 361 351 352 354 363 365 370
243: 341 201 200 216 217 219 205 207 208 210 211 212 213 214 215 220 222 223 224 226 227 229 230 202 203 231 232 238 240 291 294 332 334 335 337 338 339 343 344 346 347 349 356 357 300 301 358 359 360 361 351 352 354 363 365
242: 341 294 346 347 349 291 356 357 300 301 358 332 334 335 359 360
241: 341 294 346 347 349 291 356 357
240: 291 300 301 294 346 347 349 351 332 334 335 352 354
239: 294 346 347 349
238: 341 201 200 216 217 219 205 207 208 210 211 212 213 214 215 220 222 223 224 226 227 229 230 202 203 231 232 238 240 291 294 332 334 335 337 338 339 343 344
237: 291 294 332 334 335 337 338 339
236: 294 332 334 335
244: 291 201 200 216 217 219 205 207 208 210 211 212 213 214 215 220 222 223 224 226 227 229 230 202 203 231 232 238 240 295 294 296 298 300 301 304 306 303 307 308 309 331
233: 216 217 219 205 207 208 210 211 212 213 214 215 220 222 223 224 226 227 229 230 202 203 231 232 200 234 201 235 236 269 270 238 240 244 246 247 242 243 249 250 252 253 254 256 258 259 261 262 264 266 268 272 274 276 277 278 291 300 301 304 306 303 307 308 309 310 311 324 295 294 296 298 325 312 314 316 318 320 322 327 329
232: 300 301 312 291 314 316 318 304 306 303 307 308 309 320 322
231: 300 301 312 291 314 316
252: 388 390 391
193: 291
230: 291 300 301 304 306 303 307 308 309 310 311
229: 300 301 304 306 303 307 308 309
228: 304 306
253: 388 390 391 393 216 217 219 205 207 208 210 211 212 213 214 215 220 222 394 395
194: 303
221: 300 301
226: 201 200 216 217 219 205 207 208 210 211 212 213 214 215 220 222 223 224 226 227 229 230 202 203 231 232 238 240 295 294 296 298
225: 294
207: 216 217 219 205 207 208 210 211 212 213 214 215 220 222 223 224 226 227 229 230 202 203 231 232
206: 226 210 211 227 229
204: 216 217 219 205 207 208 210 211 212 213 214 215 220 222
203: 216 217 219
200: 212 213 214 215
199: 212
198: 210 211
197: 205 207 208
202: 202 203
201: 201
195: 200
224: 216 217 219 205 207 208 210 211 212 213 214 215 220 222 223 224 226 227 229 230 202 203 231 232 200 234 201 235 236 269 270 238 240 244 246 247 242 243 249 250 252 253 254 256 258 259 261 262 264 266 268 272 274 276 277 278 280 281 282 283 284 285 287 289 290 291 292
205: 216 217 219 205 207 208 210 211 212 213 214 215 220 222 223 224
251: 291 300 301 294 346 347 349 351 332 334 335 352 354 383 381 382 385 387
192: 199
319: 546 548 550 552 553 530 531 532 534 535 540 542 543 544 555 557 558 536 537 539 560 562 516 517 518 519 520 525 526 527 529 619 300 301 579 570 571 572 574 576 577 581 620 621 622 582 583 585 623 625 291 627 628 629 614 616 617 618 630 632 606 607 608 610 612 613 634
216: 216 217 219 205 207 208 210 211 212 213 214 215 220 222 223 224 226 227 229 230 202 203 231 232 200 234 201 235 236
208: 201 200 216 217 219 205 207 208 210 211 212 213 214 215 220 222 223 224 226 227 229 230 202 203 231 232 238 240
209: 242 243
210: 200 244 246
211: 201 200 216 217 219 205 207 208 210 211 212 213 214 215 220 222 223 224 226 227 229 230 202 203 231 232 238 240 244 246 247 242 243 249 250 252
212: 253 210 211 254 256
213: 258 259
214: 210 211 261 262 264
215: 253 210 211 254 256 258 259 261 262 264 266 268
217: 216 217 219 205 207 208 210 211 212 213 214 215 220 222 223 224 226 227 229 230 202 203 231 232 200 234 201 235 236 269 270
218: 216 217 219 205 207 208 210 211 212 213 214 215 220 222 223 224 226 227 229 230 202 203 231 232 200 234 201 235 236 269 270 238 240 244 246 247 242 243 249 250 252 253 254 256 258 259 261 262 264 266 268 272 274
219: 216 217 219 205 207 208 210 211 212 213 214 215 220 222 223 224 226 227 229 230 202 203 231 232 200 234 201 235 236 269 270 238 240 244 246 247 242 243 249 250 252 253 254 256 258 259 261 262 264 266 268 272 274 276 277 278
220: 216 217 219 205 207 208 210 211 212 213 214 215 220 222 223 224 226 227 229 230 202 203 231 232 200 234 201 235 236 269 270 238 240 244 246 247 242 243 249 250 252 253 254 256 258 259 261 262 264 266 268 272 274 276 277 278 280 281 282
222: 283 284 285
223: 283 284 285 287 289 290
254: 202 203 216 217 219 205 207 208 210 211 212 213 214 215 220 222 223 224 226 227 229 397 398
256: 388 390 391 393 216 217 219 205 207 208 210 211 212 213 214 215 220 222 394 395 399 400 401
257: 388 390 391 393 216 217 219 205 207 208 210 211 212 213 214 215 220 222 394 395 399 400 401 402 291 403 404
258: 388 390 391 393 216 217 219 205 207 208 210 211 212 213 214 215 220 222 394 395 399 400 401 402 291 403 404 202 203 223 224 226 227 229 397 398 405 407
259: 201 200 216 217 219 205 207 208 210 211 212 213 214 215 220 222 223 224 226 227 229 230 202 203 231 232 238 240 291 300 301 294 346 347 349 351 332 334 335 352 354 383 381 382 385 387 199 408 410 388 390 391 393 394 395 399 400 401 402 403 404 397 398 405 407 411
260: 216 217 219 205 207 208 210 211 212 213 214 215 220 222 223 224 226 227 229 230 202 203 231 232 200 234 201 235 236 269 270 238 240 244 246 247 242 243 249 250 252 253 254 256 258 259 261 262 264 266 268 272 274 276 277 278 199 291 295 294 296 298 300 301 304 306 303 307 308 309 331 341 332 334 335 337 338 339 343 344 346 347 349 356 357 358 359 360 361 351 352 354 363 365 380 371 413 414 383 381 382 385 387 408 410 388 390 391 393 394 395 399 400 401 402 403 404 397 398 405 407 411 415
261: 378 216 217 219 205 207 208 210 211 212 213 214 215 220 222 223 224 226 227 229 230 202 203 231 232 200 234 201 235 236 269 270 238 240 244 246 247 242 243 249 250 252 253 254 256 258 259 261 262 264 266 268 272 274 276 277 278 291 295 294 296 298 300 301 304 306 303 307 308 309 331 199 366 368 341 332 334 335 337 338 339 343 344 346 347 349 356 357 358 359 360 361 351 352 354 363 365 370 371 416 380 413 414 383 381 382 385 387 408 410 388 390 391 393 394 395 399 400 401 402 403 404 397 398 405 407 411 415 417 418
262: 419 216 217 219 205 207 208 210 211 212 213 214 215 220 222 223 224 226 227 229 230 202 203 231 232 200 234 201 235 236 269 270 238 240 244 246 247 242 243 249 250 252 253 254 256 258 259 261 262 264 266 268 272 274 276 277 278 199 291 295 294 296 298 300 301 304 306 303 307 308 309 331 341 332 334 335 337 338 339 343 344 346 347 349 356 357 358 359 360 361 351 352 354 363 365 380 371 413 414 383 381 382 385 387 408 410 388 390 391 393 394 395 399 400 401 402 403 404 397 398 405 407 411 415 420 422 423
280: 371 199 291 201 200 216 217 219 205 207 208 210 211 212 213 214 215 220 222 223 224 226 227 229 230 202 203 231 232 238 240 295 294 296 298 300 301 304 306 303 307 308 309 331 341 332 334 335 337 338 339 343 344 346 347 349 356 357 358 359 360 361 351 352 354 363 365 380 383 381 382 385 387 408 410 388 390 391 393 394 395 399 400 401 402 403 404 397 398 405 407 411 425
255: 427 429
263: 291 388 390 391 393 216 217 219 205 207 208 210 211 212 213 214 215 220 222 394 395 427 429 430
264: 388 390 391 432 433 435
265: 436 438 440
266: 291 436 438 440 441 442
267: 388 390 391 432 433 435 291 436 438 440 441 442 443 445 446
196: 447
268: 449 450
269: 451
270: 447 451 452 454 455
273: 300 301 457 458 460
274: 447 451 452 454 455 300 301 457 458 460 461 449 450 462 464
275: 388 390 391 432 433 435 436 438 440 466 300 301 468 291 469 470
276: 216 217 219 205 207 208 210 211 212 213 214 215 220 222 388 390 391 432 433 435 291 436 438 440 441 442 443 445 446 471 447 451 452 454 455 300 301 457 458 460 461 449 450 462 464 472 466 468 469 470 473 474
277: 199 291 300 301 294 346 347 349 351 332 334 335 352 354 383 381 382 385 387 388 390 391 393 216 217 219 205 207 208 210 211 212 213 214 215 220 222 394 395 399 400 401 402 403 404 202 203 223 224 226 227 229 397 398 405 407 475
278: 201 200 216 217 219 205 207 208 210 211 212 213 214 215 220 222 223 224 226 227 229 230 202 203 231 232 238 240 199 291 300 301 294 346 347 349 351 332 334 335 352 354 383 381 382 385 387 388 390 391 393 394 395 399 400 401 402 403 404 397 398 405 407 475 371 477 478 432 433 435 436 438 440 441 442 443 445 446 471 447 451 452 454 455 457 458 460 461 449 450 462 464 472 466 468 469 470 473 474 480
279: 202 203 216 217 219 205 207 208 210 211 212 213 214 215 220 222 223 224 226 227 229 397 398 291 388 390 391 393 394 395 427 429 430 199 481 483 201 200 230 231 232 238 240 300 301 294 346 347 349 351 332 334 335 352 354 383 381 382 385 387 399 400 401 402 403 404 405 407 475 371 477 478 432 433 435 436 438 440 441 442 443 445 446 471 447 451 452 454 455 457 458 460 461 449 450 462 464 472 466 468 469 470 473 474 480 485
281: 202 203 216 217 219 205 207 208 210 211 212 213 214 215 220 222 223 224 226 227 229 397 398 291 388 390 391 393 394 395 427 429 430 199 481 483 201 200 230 231 232 238 240 300 301 294 346 347 349 351 332 334 335 352 354 383 381 382 385 387 399 400 401 402 403 404 405 407 475 371 477 478 432 433 435 436 438 440 441 442 443 445 446 471 447 451 452 454 455 457 458 460 461 449 450 462 464 472 466 468 469 470 473 474 480 485 295 296 298 304 306 303 307 308 309 331 341 337 338 339 343 344 356 357 358 359 360 361 363 365 380 408 410 411 425 378 486 234 235 236 269 270 244 246 247 242 243 249 250 252 253 254 256 258 259 261 262 264 266 268 272 274 276 277 278 488 489
283: 199 291 201 200 216 217 219 205 207 208 210 211 212 213 214 215 220 222 223 224 226 227 229 230 202 203 231 232 238 240 295 294 296 298 300 301 304 306 303 307 308 309 331 341 332 334 335 337 338 339 343 344 346 347 349 356 357 358 359 360 361 351 352 354 363 365 380 491 492 493
282: 378 201 200 216 217 219 205 207 208 210 211 212 213 214 215 220 222 223 224 226 227 229 230 202 203 231 232 238 240 291 300 301 294 346 347 349 351 332 334 335 352 354 383 381 382 385 387 199 408 410 388 390 391 393 394 395 399 400 401 402 403 404 397 398 405 407 411 495 371 295 296 298 304 306 303 307 308 309 331 341 337 338 339 343 344 356 357 358 359 360 361 363 365 380 497 499
284: 202 203 216 217 219 205 207 208 210 211 212 213 214 215 220 222 223 224 226 227 229 397 398 291 388 390 391 393 394 395 427 429 430 199 481 483 201 200 230 231 232 238 240 300 301 294 346 347 349 351 332 334 335 352 354 383 381 382 385 387 399 400 401 402 403 404 405 407 475 371 477 478 432 433 435 436 438 440 441 442 443 445 446 471 447 451 452 454 455 457 458 460 461 449 450 462 464 472 466 468 469 470 473 474 480 485 378 408 410 411 495 295 296 298 304 306 303 307 308 309 331 341 337 338 339 343 344 356 357 358 359 360 361 363 365 380 497 499 501 234 235 236 269 270 244 246 247 242 243 249 250 252 253 254 256 258 259 261 262 264 266 268 272 274 276 277 278 491 492 493 503 505
285: 202 203 216 217 219 205 207 208 210 211 212 213 214 215 220 222 223 224 226 227 229 397 398 291 388 390 391 393 394 395 427 429 430 199 481 483 201 200 230 231 232 238 240 300 301 294 346 347 349 351 332 334 335 352 354 383 381 382 385 387 399 400 401 402 403 404 405 407 475 371 477 478 432 433 435 436 438 440 441 442 443 445 446 471 447 451 452 454 455 457 458 460 461 449 450 462 464 472 466 468 469 470 473 474 480 485 295 296 298 304 306 303 307 308 309 331 341 337 338 339 343 344 356 357 358 359 360 361 363 365 380 408 410 411 425 378 486 234 235 236 269 270 244 246 247 242 243 249 250 252 253 254 256 258 259 261 262 264 266 268 272 274 276 277 278 488 489 506 495 497 499 501 491 492 493 503 505 508 509
286: 202 203 216 217 219 205 207 208 210 211 212 213 214 215 220 222 223 224 226 227 229 397 398 291 388 390 391 393 394 395 427 429 430 199 481 483 201 200 230 231 232 238 240 300 301 294 346 347 349 351 332 334 335 352 354 383 381 382 385 387 399 400 401 402 403 404 405 407 475 371 477 478 432 433 435 436 438 440 441 442 443 445 446 471 447 451 452 454 455 457 458 460 461 449 450 462 464 472 466 468 469 470 473 474 480 485 295 296 298 304 306 303 307 308 309 331 341 337 338 339 343 344 356 357 358 359 360 361 363 365 380 408 410 411 425 378 486 234 235 236 269 270 244 246 247 242 243 249 250 252 253 254 256 258 259 261 262 264 266 268 272 274 276 277 278 488 489 506 495 497 499 501 491 492 493 503 505 508 509 366 368 370 372 280 281 282 283 284 285 287 289 290 292 310 311 324 325 312 314 316 318 320 322 327 329 374 376 416 413 414 415 417 418 511 419 420 422 423 512 513
235: 514
227: 516
287: 517 518
288: 517 518 519 520
290: 516 517 518 519 520 521 522 523
289: 517 518 519 520 525 526
291: 517 518 519 520 525 526 527 529
293: 530 531
294: 530 531 532 534 535
295: 530 531 536 537 539
296: 540
297: 542
298: 530 531 532 534 535 540 542 543 544
299: 546 548
300: 546 548 550 552 553
301: 546 548 550 552 553 530 531 532 534 535 540 542 543 544 555 557 558
302: 546 548 550 552 553 530 531 532 534 535 540 542 543 544 555 557 558 536 537 539 560 562
303: 546 548 550 552 553 530 531 532 534 535 540 542 543 544 555 557 558 536 537 539 560 562 563 517 518 519 520 525 526 527 529 565
304: 300 301 546 548 550 552 553 530 531 532 534 535 540 542 543 544 555 557 558 536 537 539 560 562 563 517 518 519 520 525 526 527 529 565 514 516 521 522 523 567 569
305: 570 517 518 519 520 525 526 571 572
306: 570 517 518 519 520 525 526 571 572 574 576 577
307: 530 531 532 534 535 540 542 543 544 579 570 517 518 519 520 525 526 571 572 574 576 577 581
271: 582 583 585
272: 300 586 587
308: 451 517 518 519 520 525 526 527 529 582 583 585 588 300 586 587 590 592
309: 517 518 519 520 525 526 527 529 594 595 300 301 597
310: 546 548 550 552 553 530 531 532 534 535 540 542 543 544 555 557 558 536 537 539 560 562 451 517 518 519 520 525 526 527 529 582 583 585 588 300 586 587 590 592 599 579 570 571 572 574 576 577 581 600 594 595 301 597 602 603
311: 291 300 301 546 548 550 552 553 530 531 532 534 535 540 542 543 544 555 557 558 536 537 539 560 562 563 517 518 519 520 525 526 527 529 565 514 516 521 522 523 567 569 451 582 583 585 588 586 587 590 592 599 579 570 571 572 574 576 577 581 600 594 595 597 602 603 604
312: 606 607 608
313: 530 531 532 534 535 606 607 608 610 540 612 613
314: 570 517 518 519 520 525 526 571 572 574 576 577 614 616
315: 530 531 532 534 535 540 542 543 544 570 517 518 519 520 525 526 571 572 574 576 577 614 616 300 301 617 618
316: 516 517 518 519 520 525 526 527 529 619 300 301 530 531 532 534 535 540 542 543 544 579 570 571 572 574 576 577 581 620 621
317: 516 517 518 519 520 525 526 527 529 619 300 301 530 531 532 534 535 540 542 543 544 579 570 571 572 574 576 577 581 620 621 622 582 583 585 623 625
318: 546 548 550 552 553 530 531 532 534 535 540 542 543 544 555 557 558 536 537 539 560 562 516 517 518 519 520 525 526 527 529 619 300 301 579 570 571 572 574 576 577 581 620 621 622 582 583 585 623 625 291 627 628 629
----------------------------------------
