
【aig】
276: 72 73 74 75 76 77 78 79 80 81 82 83 84 85 86 87 88 89 90 91 92 122 182 183 184 185 313 314 576 577 588 101 102 104 103 105 106 70 578 579 580 581 582 583 584 585 586 587 589 590
275: 101 102 104 103 105 106 70 578 579 580 313 314 581 582 583 584 585 586 587
274: 101 102 103 313 314 581 582 583
273: 70 578 579 580
272: 72 73 74 75 76 77 78 79 80 81 82 83 84 85 86 87 88 89 90 91 92 122 182 183 184 185 313 314 576 577
271: 72 73 74 75 76 77 78 79 80 81 82 83 84 85 86 87 88 89 90 91 92 93 193 221 222 113 114 115 116 117 101 103 126 490 491 492 570 571 572 227 228 229 568 569 573 574 575
270: 113 114 115 116 117 72 73 74 75 76 77 78 79 80 81 82 83 84 85 86 87 88 89 90 91 92 93 193 221 222 570 571 572
153: 113 114 227 228 229 568 569
269: 72 73 74 75 76 77 78 79 80 81 82 83 84 85 86 87 88 89 90 91 92 93 247 288 289 94 142 70 197 198 562 563 564 270 300 301 302 565 566 567
268: 94 142 70 197 198 562 563 564
267: 72 73 74 75 76 77 78 79 80 81 82 83 84 85 86 87 88 89 90 91 92 122 123 325 326 94 142 143 144 95 260 558 559 560 561
107: 94 95 260 558
266: 72 73 74 75 76 77 78 79 80 81 82 83 84 85 86 87 88 89 90 91 92 93 193 194 195 154 295 479 227 228 229 230 270 300 301 302 555 556 557
265: 72 73 74 75 76 77 78 79 80 81 82 83 84 85 86 87 88 89 90 91 92 122 130 225 226 101 103 546 547 548 154 295 137 460 549 550 551 227 228 229 254 552 553 554
264: 101 103 546 547 548 154 295 137 460 549 550 551
263: 101 103 546 547 548
262: 72 73 74 75 76 77 78 79 80 81 82 83 84 85 86 87 88 89 90 91 92 122 123 325 326 94 95 227 228 229 230 270 541 542 543 544 545
261: 94 95 227 228 229 230 270 541 542 543
260: 72 73 74 75 76 77 78 79 80 81 82 83 84 85 86 87 88 89 90 91 92 93 193 194 195 533 113 114 164 165 166 94 142 167 168 169 192 170 210 534 535 536 538 524 525 526 527 528 529 530 531 532 537 539 540
259: 72 73 74 75 76 77 78 79 80 81 82 83 84 85 86 87 88 89 90 91 92 93 193 194 195 533 113 114 164 165 166 94 142 167 168 169 192 170 210 534 535 536
187: 72 73 74 75 76 77 78 79 80 81 82 83 84 85 86 87 88 89 90 91 92 93 193 194 195 533
258: 72 73 74 75 76 77 78 79 80 81 82 83 84 85 86 87 88 89 90 91 92 93 193 194 195 113 114 164 165 166 94 142 167 168 169 192 210 530 531 532
257: 72 73 74 75 76 77 78 79 80 81 82 83 84 85 86 87 88 89 90 91 92 93 193 194 195 94 142 167 168 169 524 210 525 526 113 114 164 165 166 527 528 529
256: 94 142 167 168 169 524 210 525 526
255: 72 73 74 75 76 77 78 79 80 81 82 83 84 85 86 87 88 89 90 91 92 122 130 131 132 313 314 101 103 471 70 472 473 102 474 475 522 523
254: 137 94 142 72 73 74 75 76 77 78 79 80 81 82 83 84 85 86 87 88 89 90 91 92 93 193 221 222 504 505 113 114 506 507 508 509 510 519 164 165 166 223 511 512 167 168 210 374 513 514 515 169 366 516 517 518 520 521
253: 94 142 167 168 210 72 73 74 75 76 77 78 79 80 81 82 83 84 85 86 87 88 89 90 91 92 93 193 221 222 374 513 113 114 164 165 166 223 514 515 169 366 516 517
252: 94 142 167 168 210 72 73 74 75 76 77 78 79 80 81 82 83 84 85 86 87 88 89 90 91 92 93 193 221 222 374 513 113 114 164 165 166 223 514 515
251: 94 142 167 168 210 72 73 74 75 76 77 78 79 80 81 82 83 84 85 86 87 88 89 90 91 92 93 193 221 222 374 513
250: 113 114 164 165 166 72 73 74 75 76 77 78 79 80 81 82 83 84 85 86 87 88 89 90 91 92 93 193 221 222 223 137 94 142 504 505 511 512
249: 137 94 142 72 73 74 75 76 77 78 79 80 81 82 83 84 85 86 87 88 89 90 91 92 93 193 221 222 504 505 113 114 506 507 508 509 510
248: 113 114 72 73 74 75 76 77 78 79 80 81 82 83 84 85 86 87 88 89 90 91 92 93 193 221 222 506 507 508
247: 137 94 142 72 73 74 75 76 77 78 79 80 81 82 83 84 85 86 87 88 89 90 91 92 93 193 221 222 504 505
246: 70 113 126 72 73 74 75 76 77 78 79 80 81 82 83 84 85 86 87 88 89 90 91 92 93 247 288 289 501 502 503
245: 72 73 74 75 76 77 78 79 80 81 82 83 84 85 86 87 88 89 90 91 92 122 182 183 184 185 94 95 260 261 262 263 264 265 266 498 499 500
244: 72 73 74 75 76 77 78 79 80 81 82 83 84 85 86 87 88 89 90 91 92 93 193 221 222 113 114 115 116 117 101 103 126 490 491 492 102 493 494 495 496 497
243: 101 102 113 126 493 494 495
242: 72 73 74 75 76 77 78 79 80 81 82 83 84 85 86 87 88 89 90 91 92 93 193 221 222 113 114 115 116 117 101 103 126 490 491 492
241: 94 142 72 73 74 75 76 77 78 79 80 81 82 83 84 85 86 87 88 89 90 91 92 122 130 225 226 197 271 488 489
240: 72 73 74 75 76 77 78 79 80 81 82 83 84 85 86 87 88 89 90 91 92 122 123 124 125 94 142 143 144 148 270 483 484 485 486 487
239: 94 142 270 483 484 485
238: 101 102 72 73 74 75 76 77 78 79 80 81 82 83 84 85 86 87 88 89 90 91 92 93 247 248 249 154 295 479 480 481 482
237: 154 295 479
236: 94 142 72 73 74 75 76 77 78 79 80 81 82 83 84 85 86 87 88 89 90 91 92 122 123 325 326 468 469 470 476 101 103 471 70 472 473 102 474 475 477 478
235: 101 103 471 70 472 473 102 474 475
234: 101 103 471 70 472 473
233: 94 142 72 73 74 75 76 77 78 79 80 81 82 83 84 85 86 87 88 89 90 91 92 122 123 325 326 468 469 470
232: 154 155 197 271 72 73 74 75 76 77 78 79 80 81 82 83 84 85 86 87 88 89 90 91 92 122 123 325 326 465 466 467
231: 137 460 113 126 461 462 463 464
101: 461 462
94: 137 460
230: 72 73 74 75 76 77 78 79 80 81 82 83 84 85 86 87 88 89 90 91 92 122 123 124 125 94 142 137 196 197 198 199 436 437 227 228 229 438 439 440 441 442 457 167 443 444 445 446 447 448 449 450 168 210 451 452 453 454 455 456 458 459
229: 72 73 74 75 76 77 78 79 80 81 82 83 84 85 86 87 88 89 90 91 92 122 123 124 125 94 142 197 198 448 449 450 167 168 210 451 452 453 443 444 445 454 455
228: 72 73 74 75 76 77 78 79 80 81 82 83 84 85 86 87 88 89 90 91 92 122 123 124 125 94 142 197 198 448 449 450 167 168 210 451 452 453
227: 72 73 74 75 76 77 78 79 80 81 82 83 84 85 86 87 88 89 90 91 92 122 123 124 125 94 142 197 198 448 449 450
226: 72 73 74 75 76 77 78 79 80 81 82 83 84 85 86 87 88 89 90 91 92 122 123 124 125 94 142 137 196 197 198 199 436 437 167 443 444 445 446 447
195: 94 142 167 443 444
225: 72 73 74 75 76 77 78 79 80 81 82 83 84 85 86 87 88 89 90 91 92 122 123 124 125 94 142 137 196 197 198 199 436 437 227 228 229 438 439 440 441 442
224: 94 142 227 228 229 438 439
223: 72 73 74 75 76 77 78 79 80 81 82 83 84 85 86 87 88 89 90 91 92 122 123 124 125 94 142 137 196 197 198 199 436 437
222: 113 126 156 157 158 159 160 72 73 74 75 76 77 78 79 80 81 82 83 84 85 86 87 88 89 90 91 92 93 193 221 222 414 415 416 270 417 197 271 418 419 420 421 422 423 424 425 426 427 428 429 430 431 432 433 434 435
221: 113 126 270 417 197 271 418 419 427 428 429 430 431 432
220: 270 417 197 271 418 419
219: 270 197 427 428 429
218: 156 270 417 197 271 418 419 420 421 422 423 424 425 426
217: 270 417 197 271 418 419 420
216: 270 417
215: 113 126 156 157 158 159 160 72 73 74 75 76 77 78 79 80 81 82 83 84 85 86 87 88 89 90 91 92 93 193 221 222 414 415 416
214: 72 73 74 75 76 77 78 79 80 81 82 83 84 85 86 87 88 89 90 91 92 122 123 124 125 94 95 351 352 137 353 354 355 357 408 409 411 398 399 401 403 404 402 405 406 407 410 412 413
213: 72 73 74 75 76 77 78 79 80 81 82 83 84 85 86 87 88 89 90 91 92 122 123 124 125 94 95 351 352 137 353 354 355 357 408 409
212: 72 73 74 75 76 77 78 79 80 81 82 83 84 85 86 87 88 89 90 91 92 122 123 124 125 137 353 354 355 403 404 94 95 351 352 402 405 406 407
211: 137 353 354 355 403 404
191: 94 95 351 352 402
210: 72 73 74 75 76 77 78 79 80 81 82 83 84 85 86 87 88 89 90 91 92 122 123 124 125 137 353 354 355 398 399 401
209: 72 73 74 75 76 77 78 79 80 81 82 83 84 85 86 87 88 89 90 91 92 122 123 124 125 94 95 351 352 394 395 396 397 137 353 354 355 398 399 400
208: 72 73 74 75 76 77 78 79 80 81 82 83 84 85 86 87 88 89 90 91 92 122 123 124 125 94 95 351 352 394 395 396 397
207: 394
206: 70 72 73 74 75 76 77 78 79 80 81 82 83 84 85 86 87 88 89 90 91 92 122 130 225 240 313 314 391 392 393
205: 72 73 74 75 76 77 78 79 80 81 82 83 84 85 86 87 88 89 90 91 92 122 130 131 136 113 114 227 228 229 230 231 197 271 290 387 388 389 390
204: 113 114 197 271 290 387 388
112: 197 198
103: 137 196
121: 113 114 164 165 166 94 142 167 168 169 192
128: 113 114 164 165 166 94 142 167 168 169 170 70 171 172 173 174 175 176 177 178 179 180 181 72 73 74 75 76 77 78 79 80 81 82 83 84 85 86 87 88 89 90 91 92 122 182 183 184 185 186
127: 72 73 74 75 76 77 78 79 80 81 82 83 84 85 86 87 88 89 90 91 92 122 182 183 184 185
126: 182 183
125: 113 114 164 165 166 94 142 167 168 169 170 70 171 172 173 174 175 176 177 178 179 180 181
124: 113 114 164 165 170 70 171 172 173 174 175 176 177
123: 70 171 172 173
122: 113 114 164 165 170
120: 94 142 167 168 169
119: 113 114 164 165 166
118: 72 73 74 75 76 77 78 79 80 81 82 83 84 85 86 87 88 89 90 91 92 122 130 131 132 154 155 156 157 158 159 160 161 162 163
117: 156 157 158 159 160
111: 154 155
110: 72 73 74 75 76 77 78 79 80 81 82 83 84 85 86 87 88 89 90 91 92 122 130 131 136 94 142 143 144 95 137 145 146 147 148 149 150 138 139 140 141 151 152 153
109: 94 142 143 144 95 137 145 146 147 148 149 150
108: 94 142 143 144 95 137 145 146 147
106: 94 142 143 144
105: 94 142
104: 137 138 139 140 141
80: 94 95 96 97 98 99 100
137: 94 142 72 73 74 75 76 77 78 79 80 81 82 83 84 85 86 87 88 89 90 91 92 93 193 194 195 197 198 211 212 213
78: 96 97
79: 94 95
136: 94 142 72 73 74 75 76 77 78 79 80 81 82 83 84 85 86 87 88 89 90 91 92 93 193 194 195 137 196 197 198 199 200 201 167 168 169 205 206 207 208 209
77: 72 73 74 75 76 77 78 79 80 81 82 83 84 85 86 87 88 89 90 91 92 93
135: 94 142 167 168 169 72 73 74 75 76 77 78 79 80 81 82 83 84 85 86 87 88 89 90 91 92 93 193 194 195 205
76: 72 73 74 75 76 77 78 79 80 81 82 83 84 85 86 87 88 89 90 91 92
203: 113 126 270 72 73 74 75 76 77 78 79 80 81 82 83 84 85 86 87 88 89 90 91 92 93 247 248 296 384 385 386
134: 94 142 72 73 74 75 76 77 78 79 80 81 82 83 84 85 86 87 88 89 90 91 92 93 193 194 195 137 196 197 198 199 200 201 113 114 164 165 166 167 168 169 192 202 203 204
75: 75 76 77 78 79 80 81 82 83 84 85 86 87 88 89
202: 94 142 197 198 72 73 74 75 76 77 78 79 80 81 82 83 84 85 86 87 88 89 90 91 92 93 193 221 222 305 306 371 271 369 370 372 373 167 168 210 374 375 376 137 196 363 364 365 377 378 379 169 366 367 368 380 381 382 383
131: 72 73 74 75 76 77 78 79 80 81 82 83 84 85 86 87 88 89 90 91 92 93 193 194 195
72: 84 85 86
199: 94 142 197 198 72 73 74 75 76 77 78 79 80 81 82 83 84 85 86 87 88 89 90 91 92 93 193 221 222 305 306 371 271 369 370 372 373
130: 187 188 189 190 191
71: 81 82 83
198: 94 142 197 198 72 73 74 75 76 77 78 79 80 81 82 83 84 85 86 87 88 89 90 91 92 93 193 221 222 305 306 137 196 271 363 364 365 167 168 169 366 367 368
100: 113 114 115 116 117 72 73 74 75 76 77 78 79 80 81 82 83 84 85 86 87 88 89 90 91 92 122 130 131 132 133 134 135
133: 94 142 72 73 74 75 76 77 78 79 80 81 82 83 84 85 86 87 88 89 90 91 92 93 193 194 195 137 196 197 198 199 200 201
74: 78 79 80
201: 94 142 197 198 72 73 74 75 76 77 78 79 80 81 82 83 84 85 86 87 88 89 90 91 92 93 193 221 222 305 306 371 271 369 370 372 373 167 168 210 374 375 376 137 196 363 364 365 377 378 379
132: 94 142 167 168 210
73: 75 76 77
200: 94 142 197 198 72 73 74 75 76 77 78 79 80 81 82 83 84 85 86 87 88 89 90 91 92 93 193 221 222 305 306 371 271 369 370 372 373 167 168 210 374 375 376
102: 72 73 74 75 76 77 78 79 80 81 82 83 84 85 86 87 88 89 90 91 92 122 130 131 136
83: 101 102
129: 187 188 189
70: 72 73 74
197: 94 142 72 73 74 75 76 77 78 79 80 81 82 83 84 85 86 87 88 89 90 91 92 93 193 221 222 137 196 197 271 363 364 365
99: 72 73 74 75 76 77 78 79 80 81 82 83 84 85 86 87 88 89 90 91 92 122 130 131 132
82: 70 71
84: 101 103
85: 101 102 104 103 105 106
86: 70 71 72 73 74 75 76 77 78 79 80 81 82 83 84 85 86 87 88 89 90 91 92 93 94 95 96 97 98 99 100 101 102 104 103 105 106 107 108 109
81: 70
91: 101 102 110 70 111 112
92: 113 114
95: 113 114 115 116 117
96: 101 103 102 110 70 111 112 113 114 115 116 117 118 119 120 121
88: 72 73 74 75 76 77 78 79 80 81 82 83 84 85 86 87 88 89 90 91 92 122
89: 72 73 74 75 76 77 78 79 80 81 82 83 84 85 86 87 88 89 90 91 92 122 123 124 125
97: 113 126
98: 101 103 102 110 70 111 112 113 114 115 116 117 118 119 120 121 72 73 74 75 76 77 78 79 80 81 82 83 84 85 86 87 88 89 90 91 92 122 123 124 125 126 127 128 129
93: 137
138: 94 142 72 73 74 75 76 77 78 79 80 81 82 83 84 85 86 87 88 89 90 91 92 93 193 194 195 197 198 211 212 213 167 168 210 214 215 216
139: 94 142 72 73 74 75 76 77 78 79 80 81 82 83 84 85 86 87 88 89 90 91 92 93 193 194 195 137 196 197 198 199 200 201 113 114 164 165 166 167 168 169 192 202 203 204 218 205 206 207 208 209 211 212 213 210 214 215 216 217 219 220
140: 72 73 74 75 76 77 78 79 80 81 82 83 84 85 86 87 88 89 90 91 92 93 193 221 222
141: 113 114 164 165 166 72 73 74 75 76 77 78 79 80 81 82 83 84 85 86 87 88 89 90 91 92 93 193 221 222 223 224
142: 72 73 74 75 76 77 78 79 80 81 82 83 84 85 86 87 88 89 90 91 92 122 130 225 226
143: 227 228 229 230
144: 113 114 164 165 166 94 142 167 168 169 192 227 228 229 230 231 232 233
145: 94 142 167 168 169 234 235
146: 72 73 74 75 76 77 78 79 80 81 82 83 84 85 86 87 88 89 90 91 92 122 130 225 226 113 114 164 165 166 94 142 167 168 169 192 227 228 229 230 231 232 233 236 237 234 235 238 239
147: 72 73 74 75 76 77 78 79 80 81 82 83 84 85 86 87 88 89 90 91 92 122 130 225 240
148: 113 114 164 165 166 241 170 242 243
149: 72 73 74 75 76 77 78 79 80 81 82 83 84 85 86 87 88 89 90 91 92 122 130 225 240 113 114 164 165 166 241 170 242 243 70 171 172 173 244 245 246
150: 72 73 74 75 76 77 78 79 80 81 82 83 84 85 86 87 88 89 90 91 92 93 247 248 249
151: 250
152: 137 196 154 155 72 73 74 75 76 77 78 79 80 81 82 83 84 85 86 87 88 89 90 91 92 93 247 248 249 250 251 252 253
113: 227 228 229 254
154: 113 114 115 116 117 255 256
155: 72 73 74 75 76 77 78 79 80 81 82 83 84 85 86 87 88 89 90 91 92 122 130 225 240 113 114 115 116 117 255 256 227 228 229 254 257 258 259
156: 94 95 260 261 262
157: 94 95 263 264 265 266
158: 72 73 74 75 76 77 78 79 80 81 82 83 84 85 86 87 88 89 90 91 92 122 130 225 240 94 95 260 261 262 263 264 265 266 267 268 269
114: 270
115: 197 271
159: 70 272 197 271 273 274
160: 94 95 70 272 197 271 273 274 270 275 276 277
161: 72 73 74 75 76 77 78 79 80 81 82 83 84 85 86 87 88 89 90 91 92 122 130 225 240 94 95 263 264 265 266 278 279 70 272 197 271 273 274 270 275 276 277 280 281
162: 72 73 74 75 76 77 78 79 80 81 82 83 84 85 86 87 88 89 90 91 92 122 130 225 240 94 95 260 261 262 263 264 265 266 267 268 269 282 278 279 70 272 197 271 273 274 270 275 276 277 280 281 283 284
163: 113 114 72 73 74 75 76 77 78 79 80 81 82 83 84 85 86 87 88 89 90 91 92 122 123 124 125 197 271 285 286 287
164: 72 73 74 75 76 77 78 79 80 81 82 83 84 85 86 87 88 89 90 91 92 93 247 288 289
165: 113 114 197 271 290 291
166: 72 73 74 75 76 77 78 79 80 81 82 83 84 85 86 87 88 89 90 91 92 93 247 288 289 113 114 197 271 290 291 70 171 172 173 292 293 294
168: 154 295
167: 72 73 74 75 76 77 78 79 80 81 82 83 84 85 86 87 88 89 90 91 92 93 247 248 296
169: 137 196 154 295 72 73 74 75 76 77 78 79 80 81 82 83 84 85 86 87 88 89 90 91 92 93 247 248 296 297 298 299
116: 270 300 301 302
171: 94 142 72 73 74 75 76 77 78 79 80 81 82 83 84 85 86 87 88 89 90 91 92 93 193 221 222 270 300 301 302 303 304
170: 94 142 197 198 72 73 74 75 76 77 78 79 80 81 82 83 84 85 86 87 88 89 90 91 92 93 193 221 222 305 306
172: 94 142 72 73 74 75 76 77 78 79 80 81 82 83 84 85 86 87 88 89 90 91 92 93 193 221 222 270 300 301 302 303 304 197 198 305 306 307 308 309
173: 101 103 72 73 74 75 76 77 78 79 80 81 82 83 84 85 86 87 88 89 90 91 92 93 247 288 289 154 295 310 311 312
175: 313 314
87: 182 315
174: 182 315 316 317
176: 72 73 74 75 76 77 78 79 80 81 82 83 84 85 86 87 88 89 90 91 92 93 197 198 313 314 182 315 316 317 318 319 320
177: 154 155 137 196 321 322 323
178: 72 73 74 75 76 77 78 79 80 81 82 83 84 85 86 87 88 89 90 91 92 122 123 124 125 154 155 137 196 321 322 323 324
90: 101 103 120
179: 72 73 74 75 76 77 78 79 80 81 82 83 84 85 86 87 88 89 90 91 92 122 123 325 326
180: 101 103 120 154 155 72 73 74 75 76 77 78 79 80 81 82 83 84 85 86 87 88 89 90 91 92 122 123 325 326 327 328 329
181: 154 155 197 198 72 73 74 75 76 77 78 79 80 81 82 83 84 85 86 87 88 89 90 91 92 93 193 221 222 305 330 331
182: 197 271 72 73 74 75 76 77 78 79 80 81 82 83 84 85 86 87 88 89 90 91 92 122 130 225 240 154 295 332 333 334
183: 101 102 313 314 335 336 337
184: 72 73 74 75 76 77 78 79 80 81 82 83 84 85 86 87 88 89 90 91 92 122 130 225 226 101 102 313 314 335 336 337 338
185: 154 155 270 339 340
186: 72 73 74 75 76 77 78 79 80 81 82 83 84 85 86 87 88 89 90 91 92 93 193 194 195 227 228 229 230 154 155 270 339 340 341 342 343
188: 137 344 345 346 347
189: 137 344 345 346 347 348 349 350
190: 94 95 351 352
192: 137 353 354 355
193: 94 95 351 352 137 353 354 355 357 356 358 359
194: 72 73 74 75 76 77 78 79 80 81 82 83 84 85 86 87 88 89 90 91 92 93 193 194 195 137 344 345 346 347 348 349 350 94 95 351 352 353 354 355 357 356 358 359 360 361 362
196: 94 142 72 73 74 75 76 77 78 79 80 81 82 83 84 85 86 87 88 89 90 91 92 93 193 221 222 197 271 369 370
----------------------------------------

【xag】
276: 837 355 185 186 90 814 73 815 75 76 816 78 817 80 87 81 818 83 819 820 821 822 823 824 825 72 187 188 722 724 832 104 833 830 831 106 834 111 112 726 728 730 732 734 736 739 740 743 744 745 747
275: 832 104 833 830 831 106 834 837 111 112 726 728 355 730 732 734 736 739 740 743
274: 830 831 832 104 837 355 730 732 734
273: 837 111 112 726 728
272: 837 355 185 186 90 814 73 815 75 76 816 78 817 80 87 81 818 83 819 820 821 822 823 824 825 72 187 188 722 724
271: 118 837 117 838 120 185 90 814 73 815 75 76 816 78 817 80 87 81 818 83 819 820 821 822 823 824 825 93 200 235 712 714 715 832 104 79 80 603 604 605 240 711 716 719 720
270: 118 837 117 838 120 185 90 814 73 815 75 76 816 78 817 80 87 81 818 83 819 820 821 822 823 824 825 93 200 235 712 714 715
153: 837 117 838 240 711
269: 115 116 111 112 830 205 702 704 706 185 90 814 73 815 75 76 816 78 817 80 87 81 818 83 819 820 821 822 823 824 825 93 263 321 335 336 337 339 707 710
268: 115 116 111 112 830 205 702 704 706
267: 90 814 73 815 75 76 816 78 817 80 87 81 818 83 819 820 821 822 823 824 825 72 73 104 375 115 116 118 121 826 827 108 122 697 700 701
107: 826 827 108 122
266: 104 90 814 73 815 75 76 816 78 817 80 87 81 818 83 819 820 821 822 823 824 825 93 200 201 582 583 584 240 241 335 336 337 694 695 696
265: 828 90 814 73 815 75 76 816 78 817 80 87 81 818 83 819 820 821 822 823 824 825 72 93 239 837 832 104 681 682 115 330 118 554 683 686 688 240 274 689 692 693
264: 837 832 104 681 682 115 330 118 554 683 686 688
263: 837 832 104 681 682
262: 826 827 676 240 241 118 295 677 678 90 814 73 815 75 76 816 78 817 80 87 81 818 83 819 820 821 822 823 824 825 72 73 104 375 679 680
261: 826 827 676 240 241 118 295 677 678
260: 104 90 814 73 815 75 76 816 78 817 80 87 81 818 83 819 820 821 822 823 824 825 93 200 201 396 111 115 116 153 222 830 837 117 149 172 832 151 118 154 197 667 668 669 653 654 656 658 659 660 661 664 666 671 672 673 675
259: 104 90 814 73 815 75 76 816 78 817 80 87 81 818 83 819 820 821 822 823 824 825 93 200 201 396 111 115 116 153 222 830 837 117 149 172 832 151 118 154 197 667 668 669
187: 104 90 814 73 815 75 76 816 78 817 80 87 81 818 83 819 820 821 822 823 824 825 93 200 201 396
258: 104 90 814 73 815 75 76 816 78 817 80 87 81 818 83 819 820 821 822 823 824 825 93 200 201 832 837 117 149 151 118 115 116 153 154 197 111 222 661 664 666
257: 104 90 814 73 815 75 76 816 78 817 80 87 81 818 83 819 820 821 822 823 824 825 93 200 201 111 115 116 153 222 653 118 154 654 656 832 837 117 149 151 658 659 660
256: 111 115 116 153 222 653 118 154 654 656
255: 832 104 568 111 112 570 572 830 831 574 575 90 90 814 73 815 75 76 816 78 817 80 87 81 818 83 819 820 821 822 823 824 825 72 93 94 837 355 651 652
254: 185 90 814 73 815 75 76 816 78 817 80 87 81 818 83 819 820 821 822 823 824 825 93 200 235 108 115 116 623 625 118 837 117 626 627 628 629 832 149 151 630 631 632 111 153 222 633 634 637 638 640 118 154 641 643 644 645 648 649 650
253: 185 90 814 73 815 75 76 816 78 817 80 87 81 818 83 819 820 821 822 823 824 825 93 200 235 111 115 116 153 222 633 634 832 837 117 149 151 637 638 640 118 154 641 643 644
252: 185 90 814 73 815 75 76 816 78 817 80 87 81 818 83 819 820 821 822 823 824 825 93 200 235 111 115 116 153 222 633 634 832 837 117 149 151 637 638 640
251: 185 90 814 73 815 75 76 816 78 817 80 87 81 818 83 819 820 821 822 823 824 825 93 200 235 111 115 116 153 222 633 634
250: 185 90 814 73 815 75 76 816 78 817 80 87 81 818 83 819 820 821 822 823 824 825 93 200 235 108 115 116 623 625 832 837 117 149 151 630 631 632
249: 185 90 814 73 815 75 76 816 78 817 80 87 81 818 83 819 820 821 822 823 824 825 93 200 235 108 115 116 623 625 118 837 117 626 627 628 629
248: 118 837 117 185 90 814 73 815 75 76 816 78 817 80 87 81 818 83 819 820 821 822 823 824 825 93 200 235 626 627
247: 185 90 814 73 815 75 76 816 78 817 80 87 81 818 83 819 820 821 822 823 824 825 93 200 235 108 115 116 623 625
246: 111 112 618 79 80 185 90 814 73 815 75 76 816 78 817 80 87 81 818 83 819 820 821 822 823 824 825 93 263 321 621 622
245: 185 186 90 814 73 815 75 76 816 78 817 80 87 81 818 83 819 820 821 822 823 824 825 72 187 188 613 830 826 827 281 282 283 284 285 288 615 617
244: 606 830 831 79 80 607 608 185 90 814 73 815 75 76 816 78 817 80 87 81 818 83 819 820 821 822 823 824 825 93 200 235 118 837 117 838 120 832 104 603 604 605 611 612
243: 606 830 831 79 80 607 608
242: 185 90 814 73 815 75 76 816 78 817 80 87 81 818 83 819 820 821 822 823 824 825 93 200 235 118 837 117 838 120 832 104 79 80 603 604 605
241: 828 90 814 73 815 75 76 816 78 817 80 87 81 818 83 819 820 821 822 823 824 825 72 93 239 115 116 832 296 422 600
240: 828 90 814 73 815 75 76 816 78 817 80 87 81 818 83 819 820 821 822 823 824 825 72 73 76 441 115 116 118 295 592 593 118 121 596 598 599
239: 441 115 116 118 295 592 593
238: 830 831 587 90 90 814 73 815 75 76 816 78 817 80 87 81 818 83 819 820 821 822 823 824 825 93 263 265 582 583 584 589 590
237: 582 583 584
236: 829 115 116 90 814 73 815 75 76 816 78 817 80 87 81 818 83 819 820 821 822 823 824 825 72 73 104 375 565 566 832 104 568 111 112 570 572 830 831 574 575 578 579 581
235: 832 104 568 111 112 570 572 830 831 574 575
234: 832 104 568 111 112 570 572
233: 829 115 116 90 814 73 815 75 76 816 78 817 80 87 81 818 83 819 820 821 822 823 824 825 72 73 104 375 565 566
232: 826 140 560 832 296 90 814 73 815 75 76 816 78 817 80 87 81 818 83 819 820 821 822 823 824 825 72 73 104 375 562 564
231: 104 555 79 80 118 554 556 557
101: 104 555
94: 118 554
230: 115 116 828 90 814 73 815 75 76 816 78 817 80 87 81 818 83 819 820 821 822 823 824 825 72 73 76 111 202 830 205 207 518 519 153 240 521 522 523 524 832 526 527 529 530 341 531 534 222 536 539 541 542 545 546 549 550 551 552
229: 115 116 830 205 341 828 90 814 73 815 75 76 816 78 817 80 87 81 818 83 819 820 821 822 823 824 825 72 73 76 531 534 111 153 222 536 539 541 832 526 542 545 546
228: 115 116 830 205 341 828 90 814 73 815 75 76 816 78 817 80 87 81 818 83 819 820 821 822 823 824 825 72 73 76 531 534 111 153 222 536 539 541
227: 115 116 830 205 341 828 90 814 73 815 75 76 816 78 817 80 87 81 818 83 819 820 821 822 823 824 825 72 73 76 531 534
226: 115 116 828 90 814 73 815 75 76 816 78 817 80 87 81 818 83 819 820 821 822 823 824 825 72 73 76 111 202 830 205 207 518 519 832 153 526 527 529 530
195: 832 115 116 153 526
225: 115 116 828 90 814 73 815 75 76 816 78 817 80 87 81 818 83 819 820 821 822 823 824 825 72 73 76 111 202 830 205 207 518 519 153 240 521 522 523 524
224: 115 116 153 240 521
223: 115 116 828 90 814 73 815 75 76 816 78 817 80 87 81 818 83 819 820 821 822 823 824 825 72 73 76 111 202 830 205 207 518 519
222: 79 80 118 141 142 185 90 814 73 815 75 76 816 78 817 80 87 81 818 83 819 820 821 822 823 824 825 93 200 235 488 489 491 830 813 493 495 832 296 497 498 501 502 503 504 505 335 240 506 507 508 295 509 511 512 513 514 515 516 517
221: 79 80 335 240 506 507 508 832 296 497 118 295 509 511 512 513 514
220: 832 296 497 118 295 509 511
219: 335 240 506 507 508
218: 830 813 493 495 832 296 497 498 501 502 503 504 505
217: 813 493 495 832 296 497 498 501
216: 813 493 495
215: 79 80 118 141 142 185 90 814 73 815 75 76 816 78 817 80 87 81 818 83 819 820 821 822 823 824 825 93 200 235 488 489 491
214: 828 90 814 73 815 75 76 816 78 817 80 87 81 818 83 819 820 821 822 823 824 825 72 73 76 826 827 118 405 79 108 407 408 478 480 481 459 460 463 468 471 832 464 467 473 474 475 482 483 484 487
213: 828 90 814 73 815 75 76 816 78 817 80 87 81 818 83 819 820 821 822 823 824 825 72 73 76 826 827 118 405 79 108 407 408 478 480 481
212: 828 90 814 73 815 75 76 816 78 817 80 87 81 818 83 819 820 821 822 823 824 825 72 73 76 79 108 407 408 468 471 832 826 827 464 467 473 474 475
211: 79 108 407 408 468 471
191: 832 826 827 464 467
210: 459 828 90 814 73 815 75 76 816 78 817 80 87 81 818 83 819 820 821 822 823 824 825 72 73 76 79 108 407 408 460 463
209: 828 90 814 73 815 75 76 816 78 817 80 87 81 818 83 819 820 821 822 823 824 825 72 73 76 452 826 827 118 405 450 453 454 79 108 407 408 456 457
208: 828 90 814 73 815 75 76 816 78 817 80 87 81 818 83 819 820 821 822 823 824 825 72 73 76 452 826 827 118 405 450 453 454
207: 450
206: 111 112 297 90 814 73 815 75 76 816 78 817 80 87 81 818 83 819 820 821 822 823 824 825 72 93 185 251 837 355 448 449
205: 90 814 73 815 75 76 816 78 817 80 87 81 818 83 819 820 821 822 823 824 825 72 93 104 107 837 117 240 241 243 441 832 296 442 444 445 446
204: 441 837 117 832 296 442 444
112: 830 205
103: 111 202
121: 832 837 117 149 151 118 115 116 153 154 197
128: 832 837 117 149 151 118 115 116 153 154 830 172 111 112 173 174 175 176 177 178 180 182 183 184 185 186 90 814 73 815 75 76 816 78 817 80 87 81 818 83 819 820 821 822 823 824 825 72 187 188 189
127: 185 186 90 814 73 815 75 76 816 78 817 80 87 81 818 83 819 820 821 822 823 824 825 72 187 188
126: 185 186
125: 832 837 117 149 151 118 115 116 153 154 830 172 111 112 173 174 175 176 177 178 180 182 183 184
124: 830 837 117 149 172 111 112 173 174 175 176 177 178
123: 837 111 112 173 174
122: 830 837 117 149 172
120: 118 115 116 153 154
119: 832 837 117 149 151
118: 90 90 814 73 815 75 76 816 78 817 80 87 81 818 83 819 820 821 822 823 824 825 72 93 94 826 140 118 141 142 145 147 148
117: 118 141 142
111: 826 140
110: 90 814 73 815 75 76 816 78 817 80 87 81 818 83 819 820 821 822 823 824 825 72 93 104 107 115 116 118 121 826 827 108 122 125 127 129 130 131 109 110 111 114 133 135 138
109: 115 116 118 121 826 827 108 122 125 127 129 130 131
108: 115 116 118 121 826 827 108 122 125 127
106: 115 116 118 121
105: 115 116
104: 108 109 110 111 114
80: 829 826 827 828 97 99 100
137: 115 116 224 104 90 814 73 815 75 76 816 78 817 80 87 81 818 83 819 820 821 822 823 824 825 93 200 201 830 205 226 227
78: 828 97
79: 826 827
136: 115 116 104 90 814 73 815 75 76 816 78 817 80 87 81 818 83 819 820 821 822 823 824 825 93 200 201 111 202 830 205 207 209 210 118 153 154 216 218 219 220 221
77: 90 814 73 815 75 76 816 78 817 80 87 81 818 83 819 820 821 822 823 824 825 93
135: 118 115 116 153 154 104 90 814 73 815 75 76 816 78 817 80 87 81 818 83 819 820 821 822 823 824 825 93 200 201 216
76: 90 814 73 815 75 76 816 78 817 80 87 81 818 83 819 820 821 822 823 824 825
203: 79 80 438 118 295 104 90 814 73 815 75 76 816 78 817 80 87 81 818 83 819 820 821 822 823 824 825 93 263 331 439 440
134: 115 116 104 90 814 73 815 75 76 816 78 817 80 87 81 818 83 819 820 821 822 823 824 825 93 200 201 111 202 830 205 207 209 210 832 837 117 149 151 118 153 154 197 212 213 215
75: 75 76 816 78 817 80 87 81 818 83 819 820 821 822 823
202: 115 116 185 90 814 73 815 75 76 816 78 817 80 87 81 818 83 819 820 821 822 823 824 825 93 200 235 111 202 832 296 416 417 418 830 205 341 342 118 153 154 419 420 421 425 422 424 426 427 222 428 429 430 431 432 433 434 435 436 437
131: 104 90 814 73 815 75 76 816 78 817 80 87 81 818 83 819 820 821 822 823 824 825 93 200 201
72: 819 820 821
199: 185 90 814 73 815 75 76 816 78 817 80 87 81 818 83 819 820 821 822 823 824 825 93 200 235 115 116 830 205 341 342 425 832 296 422 424 426 427
130: 190 192 193 194 196
71: 81 818 83
198: 115 116 185 90 814 73 815 75 76 816 78 817 80 87 81 818 83 819 820 821 822 823 824 825 93 200 235 111 202 832 296 416 417 418 830 205 341 342 118 153 154 419 420 421
100: 97 118 837 117 838 120 90 90 814 73 815 75 76 816 78 817 80 87 81 818 83 819 820 821 822 823 824 825 72 93 94 100 101
133: 115 116 104 90 814 73 815 75 76 816 78 817 80 87 81 818 83 819 820 821 822 823 824 825 93 200 201 111 202 830 205 207 209 210
74: 78 817 80
201: 185 90 814 73 815 75 76 816 78 817 80 87 81 818 83 819 820 821 822 823 824 825 93 200 235 115 116 830 205 341 342 425 832 296 422 424 426 427 111 153 222 428 429 430 202 416 417 418 431 432 433
132: 111 115 116 153 222
73: 75 76 816
200: 185 90 814 73 815 75 76 816 78 817 80 87 81 818 83 819 820 821 822 823 824 825 93 200 235 115 116 830 205 341 342 425 832 296 422 424 426 427 111 153 222 428 429 430
102: 90 814 73 815 75 76 816 78 817 80 87 81 818 83 819 820 821 822 823 824 825 72 93 104 107
83: 830 831
129: 190 192 193
70: 814 73 815
197: 115 116 185 90 814 73 815 75 76 816 78 817 80 87 81 818 83 819 820 821 822 823 824 825 93 200 235 111 202 832 296 416 417 418
99: 90 90 814 73 815 75 76 816 78 817 80 87 81 818 83 819 820 821 822 823 824 825 72 93 94
82: 813 71
84: 832 104
85: 832 104 833 830 831 106 834
86: 813 71 90 814 73 815 75 76 816 78 817 80 87 81 818 83 819 820 821 822 823 824 825 93 108 829 826 827 828 97 99 100 832 104 833 830 831 106 834 109 110
81: 111 112
91: 111 112 113 830 831 835 836
92: 837 117
95: 118 837 117 838 120
96: 832 104 111 112 113 830 831 835 836 118 837 117 838 120 121 839 68 70
88: 90 814 73 815 75 76 816 78 817 80 87 81 818 83 819 820 821 822 823 824 825 72
89: 828 90 814 73 815 75 76 816 78 817 80 87 81 818 83 819 820 821 822 823 824 825 72 73 76
97: 79 80
98: 832 104 111 112 113 830 831 835 836 118 837 117 838 120 121 839 68 70 83 828 90 814 73 815 75 76 816 78 817 80 87 81 818 83 819 820 821 822 823 824 825 72 73 76 79 80 86 87
93: 108
138: 115 116 224 104 90 814 73 815 75 76 816 78 817 80 87 81 818 83 819 820 821 822 823 824 825 93 200 201 830 205 226 227 111 153 222 228 229 230
139: 115 116 104 90 814 73 815 75 76 816 78 817 80 87 81 818 83 819 820 821 822 823 824 825 93 200 201 111 202 830 205 207 209 210 832 837 117 149 151 118 153 154 197 212 213 215 216 218 219 220 221 224 226 227 222 228 229 230 231 232 233 234
140: 185 90 814 73 815 75 76 816 78 817 80 87 81 818 83 819 820 821 822 823 824 825 93 200 235
141: 185 90 814 73 815 75 76 816 78 817 80 87 81 818 83 819 820 821 822 823 824 825 93 200 235 832 837 117 149 151 236 238
142: 828 90 814 73 815 75 76 816 78 817 80 87 81 818 83 819 820 821 822 823 824 825 72 93 239
143: 240 241
144: 832 837 117 149 151 118 115 116 153 154 197 240 241 243 244 245
145: 97 118 115 116 153 154 246
146: 828 90 814 73 815 75 76 816 78 817 80 87 81 818 83 819 820 821 822 823 824 825 72 93 239 97 118 115 116 153 154 246 247 832 837 117 149 151 197 240 241 243 244 245 248 249 250
147: 90 814 73 815 75 76 816 78 817 80 87 81 818 83 819 820 821 822 823 824 825 72 93 185 251
148: 832 837 117 149 151 253 830 172 256 257
149: 90 814 73 815 75 76 816 78 817 80 87 81 818 83 819 820 821 822 823 824 825 72 93 185 251 832 837 117 149 151 253 830 172 256 257 111 112 173 174 258 259 260
150: 90 90 814 73 815 75 76 816 78 817 80 87 81 818 83 819 820 821 822 823 824 825 93 263 265
151: 266
152: 826 140 111 202 268 90 90 814 73 815 75 76 816 78 817 80 87 81 818 83 819 820 821 822 823 824 825 93 263 265 266 271 273
113: 240 274
154: 118 837 117 838 120 275 276
155: 118 837 117 838 120 275 276 90 814 73 815 75 76 816 78 817 80 87 81 818 83 819 820 821 822 823 824 825 72 93 185 251 240 274 277 279 280
156: 830 826 827 281 282
157: 826 827 283 284 285 288
158: 90 814 73 815 75 76 816 78 817 80 87 81 818 83 819 820 821 822 823 824 825 72 93 185 251 830 826 827 281 282 283 284 285 288 290 291 294
114: 118 295
115: 832 296
159: 111 112 297 832 296 298 299
160: 826 827 111 112 297 832 296 298 299 118 295 300 302 303
161: 90 814 73 815 75 76 816 78 817 80 87 81 818 83 819 820 821 822 823 824 825 72 93 185 251 826 827 111 112 297 832 296 298 299 118 295 300 302 303 305 283 284 285 288 307 308 309
162: 90 814 73 815 75 76 816 78 817 80 87 81 818 83 819 820 821 822 823 824 825 72 93 185 251 830 826 827 281 282 283 284 285 288 290 291 294 111 112 297 832 296 298 299 118 295 300 302 303 305 307 308 309 310 312 315
163: 837 117 316 828 90 814 73 815 75 76 816 78 817 80 87 81 818 83 819 820 821 822 823 824 825 72 73 76 832 296 317 318
164: 185 90 814 73 815 75 76 816 78 817 80 87 81 818 83 819 820 821 822 823 824 825 93 263 321
165: 832 296 837 117 322 324
166: 185 90 814 73 815 75 76 816 78 817 80 87 81 818 83 819 820 821 822 823 824 825 93 263 321 832 296 837 117 322 324 111 112 173 174 326 328 329
168: 115 330
167: 104 90 814 73 815 75 76 816 78 817 80 87 81 818 83 819 820 821 822 823 824 825 93 263 331
169: 111 202 332 115 330 104 90 814 73 815 75 76 816 78 817 80 87 81 818 83 819 820 821 822 823 824 825 93 263 331 333 334
116: 335 336 337
171: 185 90 814 73 815 75 76 816 78 817 80 87 81 818 83 819 820 821 822 823 824 825 93 200 235 115 116 335 336 337 339 340
170: 185 90 814 73 815 75 76 816 78 817 80 87 81 818 83 819 820 821 822 823 824 825 93 200 235 115 116 830 205 341 342
172: 343 185 90 814 73 815 75 76 816 78 817 80 87 81 818 83 819 820 821 822 823 824 825 93 200 235 115 116 335 336 337 339 340 830 205 341 342 346 347
173: 832 104 349 185 90 814 73 815 75 76 816 78 817 80 87 81 818 83 819 820 821 822 823 824 825 93 263 321 115 330 352 354
175: 837 355
87: 828 357
174: 828 357 358 359
176: 90 814 73 815 75 76 816 78 817 80 87 81 818 83 819 820 821 822 823 824 825 93 830 205 360 837 355 828 357 358 359 363 364
177: 826 140 111 202 268 366 368
178: 828 90 814 73 815 75 76 816 78 817 80 87 81 818 83 819 820 821 822 823 824 825 72 73 76 826 140 111 202 268 366 368 369
90: 118 370 372
179: 90 814 73 815 75 76 816 78 817 80 87 81 818 83 819 820 821 822 823 824 825 72 73 104 375
180: 118 370 372 376 826 140 90 814 73 815 75 76 816 78 817 80 87 81 818 83 819 820 821 822 823 824 825 72 73 104 375 378 379
181: 826 140 380 830 205 185 90 814 73 815 75 76 816 78 817 80 87 81 818 83 819 820 821 822 823 824 825 93 200 235 381 382
182: 832 296 383 90 814 73 815 75 76 816 78 817 80 87 81 818 83 819 820 821 822 823 824 825 72 93 185 251 115 330 384 385
183: 386 830 831 837 355 389 391
184: 828 90 814 73 815 75 76 816 78 817 80 87 81 818 83 819 820 821 822 823 824 825 72 93 239 386 830 831 837 355 389 391 393
185: 118 295 826 140 394 395
186: 104 90 814 73 815 75 76 816 78 817 80 87 81 818 83 819 820 821 822 823 824 825 93 200 201 396 240 241 118 295 826 140 394 395 397 398
188: 108 399 400 401 402
189: 79 108 399 400 401 402 403 404
190: 826 827 118 405
192: 79 108 407 408
193: 826 827 118 405 409 79 108 407 408 410 411 413
194: 104 90 814 73 815 75 76 816 78 817 80 87 81 818 83 819 820 821 822 823 824 825 93 200 201 396 79 108 399 400 401 402 403 404 826 827 118 405 409 407 408 410 411 413 414 415
196: 185 90 814 73 815 75 76 816 78 817 80 87 81 818 83 819 820 821 822 823 824 825 93 200 235 115 116 832 296 422 424
----------------------------------------

【mig】
276: 90 830 73 831 75 832 833 834 835 80 87 81 836 83 837 838 839 840 841 842 843 69 189 190 192 193 380 382 756 758 101 102 103 104 848 106 174 110 111 760 761 766 762 763 765 768 769 771 772 n603
275: 101 102 103 104 848 106 174 110 111 760 761 766 762 380 382 763 765 768 769
274: 101 102 762 103 380 382 763 765
273: 174 110 111 760 761
272: 90 830 73 831 75 832 833 834 835 80 87 81 836 83 837 838 839 840 841 842 843 69 189 190 192 193 380 382 756 758
271: 117 115 852 118 853 251 90 830 73 831 75 832 833 834 835 80 87 81 836 83 837 838 839 840 841 842 843 93 253 255 101 103 76 642 643 644 290 750 751 752 537 747 749 753 754
270: 290 117 115 852 118 853 251 90 830 73 831 75 832 833 834 835 80 87 81 836 83 837 838 839 840 841 842 843 93 253 255 750 751
153: 537 115 852 747 749
269: 251 90 830 73 831 75 832 833 834 835 80 87 81 836 83 837 838 839 840 841 842 843 93 345 346 844 110 739 110 111 209 210 741 742 744 361 362 364 365 745 746
268: 844 110 739 110 111 209 210 741 742
267: 844 110 112 114 96 90 830 73 831 75 832 833 834 835 80 87 81 836 83 837 838 839 840 841 842 843 69 402 403 845 733 734 735 737 738
107: 844 845 733 734
266: 96 90 830 73 831 75 832 833 834 835 80 87 81 836 83 837 838 839 840 841 842 843 93 204 206 623 625 627 729 230 262 263 361 362 364 365 730 731
265: 71 90 830 73 831 75 832 833 834 835 80 87 81 836 83 837 838 839 840 841 842 843 69 260 261 174 101 103 718 719 131 353 102 599 721 723 724 725 170 297 298 727 728
264: 174 101 103 718 719 131 353 102 599 721 723 724
263: 174 101 103 718 719
262: 96 90 830 73 831 75 832 833 834 835 80 87 81 836 83 837 838 839 840 841 842 843 69 402 403 844 845 712 230 262 263 110 317 713 714 716 717
261: 844 845 712 230 262 263 110 317 713 714
260: 96 90 830 73 831 75 832 833 834 835 80 87 81 836 83 837 838 839 840 841 842 843 93 204 206 423 170 115 852 171 172 144 146 147 117 844 110 149 168 202 702 230 232 233 703 705 706 690 691 692 694 695 696 697 699 701 708 709 710
259: 96 90 830 73 831 75 832 833 834 835 80 87 81 836 83 837 838 839 840 841 842 843 93 204 206 423 170 115 852 171 172 144 146 147 117 844 110 149 168 202 702 230 232 233 703 705
187: 96 90 830 73 831 75 832 833 834 835 80 87 81 836 83 837 838 839 840 841 842 843 93 204 206 423
258: 96 90 830 73 831 75 832 833 834 835 80 87 81 836 83 837 838 839 840 841 842 843 93 204 206 144 115 852 146 147 117 844 110 149 168 202 230 232 233 697 699 701
257: 96 90 830 73 831 75 832 833 834 835 80 87 81 836 83 837 838 839 840 841 842 843 93 204 206 117 844 110 149 168 230 232 233 690 691 692 144 115 852 146 147 694 695 696
256: 117 844 110 149 168 230 232 233 690 691 692
255: 84 90 830 73 831 75 832 833 834 835 80 87 81 836 83 837 838 839 840 841 842 843 69 86 88 380 382 110 111 101 103 613 615 616 102 617 619 687 688
254: 102 844 110 251 90 830 73 831 75 832 833 834 835 80 87 81 836 83 837 838 839 840 841 842 843 93 253 255 448 660 101 115 852 661 662 663 665 682 666 144 146 147 668 669 230 232 233 670 672 673 674 676 117 149 168 677 679 681 683 684 685
253: 230 844 110 232 233 251 90 830 73 831 75 832 833 834 835 80 87 81 836 83 837 838 839 840 841 842 843 93 253 255 670 672 144 115 852 146 147 673 674 676 117 149 168 677 679 681
252: 230 844 110 232 233 251 90 830 73 831 75 832 833 834 835 80 87 81 836 83 837 838 839 840 841 842 843 93 253 255 670 672 144 115 852 146 147 673 674 676
251: 230 844 110 232 233 251 90 830 73 831 75 832 833 834 835 80 87 81 836 83 837 838 839 840 841 842 843 93 253 255 670 672
250: 102 844 110 251 90 830 73 831 75 832 833 834 835 80 87 81 836 83 837 838 839 840 841 842 843 93 253 255 448 660 666 144 115 852 146 147 668 669
249: 102 844 110 251 90 830 73 831 75 832 833 834 835 80 87 81 836 83 837 838 839 840 841 842 843 93 253 255 448 660 101 115 852 661 662 663 665
248: 101 115 852 251 90 830 73 831 75 832 833 834 835 80 87 81 836 83 837 838 839 840 841 842 843 93 253 255 661 662
247: 102 844 110 251 90 830 73 831 75 832 833 834 835 80 87 81 836 83 837 838 839 840 841 842 843 93 253 255 448 660
246: 110 111 657 115 76 251 90 830 73 831 75 832 833 834 835 80 87 81 836 83 837 838 839 840 841 842 843 93 345 346 658 659
245: 90 830 73 831 75 832 833 834 835 80 87 81 836 83 837 838 839 840 841 842 843 69 189 190 192 193 652 170 844 845 306 308 209 309 311 312 654 655
244: 251 90 830 73 831 75 832 833 834 835 80 87 81 836 83 837 838 839 840 841 842 843 93 253 255 117 115 852 118 853 101 103 76 642 643 644 646 102 647 648 650 651
243: 646 101 102 115 76 647 648
242: 117 115 852 118 853 251 90 830 73 831 75 832 833 834 835 80 87 81 836 83 837 838 839 840 841 842 843 93 253 255 101 103 76 642 643 644
241: 844 110 71 90 830 73 831 75 832 833 834 835 80 87 81 836 83 837 838 839 840 841 842 843 69 260 261 209 319 639 640
240: 71 90 830 73 831 75 832 833 834 835 80 87 81 836 83 837 838 839 840 841 842 843 69 72 74 479 844 110 110 317 632 633 635 112 114 636 638
239: 479 844 110 110 317 632 633
238: 101 102 628 84 90 830 73 831 75 832 833 834 835 80 87 81 836 83 837 838 839 840 841 842 843 93 286 288 623 625 627 630 631
237: 623 625 627
236: 847 844 110 96 90 830 73 831 75 832 833 834 835 80 87 81 836 83 837 838 839 840 841 842 843 69 402 403 611 612 110 111 101 103 613 615 616 102 617 619 620 621 622
235: 110 111 101 103 613 615 616 102 617 619
234: 110 111 101 103 613 615 616
233: 847 844 110 96 90 830 73 831 75 832 833 834 835 80 87 81 836 83 837 838 839 840 841 842 843 69 402 403 611 612
232: 131 133 606 209 319 96 90 830 73 831 75 832 833 834 835 80 87 81 836 83 837 838 839 840 841 842 843 69 402 403 608 609
231: 102 599 115 76 601 602 604 605
101: 601 602
94: 102 599
230: 71 90 830 73 831 75 832 833 834 835 80 87 81 836 83 837 838 839 840 841 842 843 69 72 74 844 110 561 102 207 209 210 563 564 566 568 570 571 572 573 593 576 144 574 575 577 578 580 581 583 584 230 232 233 585 587 588 590 591 594 596 598
229: 71 90 830 73 831 75 832 833 834 835 80 87 81 836 83 837 838 839 840 841 842 843 69 72 74 580 844 110 209 210 581 583 584 230 232 233 585 587 588 144 574 575 590 591
228: 71 90 830 73 831 75 832 833 834 835 80 87 81 836 83 837 838 839 840 841 842 843 69 72 74 580 844 110 209 210 581 583 584 230 232 233 585 587
227: 71 90 830 73 831 75 832 833 834 835 80 87 81 836 83 837 838 839 840 841 842 843 69 72 74 580 844 110 209 210 581 583
226: 71 90 830 73 831 75 832 833 834 835 80 87 81 836 83 837 838 839 840 841 842 843 69 72 74 844 110 561 102 207 209 210 563 564 576 144 574 575 577 578
195: 144 844 110 574 575
225: 71 90 830 73 831 75 832 833 834 835 80 87 81 836 83 837 838 839 840 841 842 843 69 72 74 844 110 561 102 207 209 210 563 564 566 568 570 571 572 573
224: 566 844 110 568 570
223: 71 90 830 73 831 75 832 833 834 835 80 87 81 836 83 837 838 839 840 841 842 843 69 72 74 844 110 561 102 207 209 210 563 564
222: 117 134 136 137 251 90 830 73 831 75 832 833 834 835 80 87 81 836 83 837 838 839 840 841 842 843 93 253 255 525 115 76 526 527 552 541 543 544 545 547 209 319 110 317 548 550 551 553 555 556 537 528 530 531 532 534 536 539 540 558 560
221: 115 76 552 541 543 544 545 547 209 319 110 317 548 550 551 553 555
220: 209 319 110 317 548 550 551
219: 541 543 544 545 547
218: 110 537 528 530 531 532 209 319 534 536 539 540
217: 528 530 531 532 209 319 534 536
216: 528 530 531
215: 117 134 136 137 251 90 830 73 831 75 832 833 834 835 80 87 81 836 83 837 838 839 840 841 842 843 93 253 255 525 115 76 526 527
214: 71 90 830 73 831 75 832 833 834 835 80 87 81 836 83 837 838 839 840 841 842 843 69 72 74 516 844 845 434 435 430 102 436 438 517 518 519 501 503 505 509 510 144 507 508 511 513 514 521 522 523
213: 71 90 830 73 831 75 832 833 834 835 80 87 81 836 83 837 838 839 840 841 842 843 69 72 74 516 844 845 434 435 430 102 436 438 517 518
212: 71 90 830 73 831 75 832 833 834 835 80 87 81 836 83 837 838 839 840 841 842 843 69 72 74 430 102 436 438 509 510 144 844 845 507 508 511 513 514
211: 430 102 436 438 509 510
191: 144 844 845 507 508
210: 501 71 90 830 73 831 75 832 833 834 835 80 87 81 836 83 837 838 839 840 841 842 843 69 72 74 430 102 436 438 503 505
209: 71 90 830 73 831 75 832 833 834 835 80 87 81 836 83 837 838 839 840 841 842 843 69 72 74 492 844 845 434 435 490 494 496 430 102 436 438 497 499
208: 71 90 830 73 831 75 832 833 834 835 80 87 81 836 83 837 838 839 840 841 842 843 69 72 74 492 844 845 434 435 490 494 496
207: 490
206: 110 111 321 251 90 830 73 831 75 832 833 834 835 80 87 81 836 83 837 838 839 840 841 842 843 69 278 279 380 382 487 489
205: 96 90 830 73 831 75 832 833 834 835 80 87 81 836 83 837 838 839 840 841 842 843 69 98 100 479 115 852 209 319 481 482 483 230 262 263 485 486
204: 479 115 852 209 319 481 482
112: 209 210
103: 102 207
121: 144 115 852 146 147 117 844 110 149 168 202
128: 144 115 852 146 147 184 117 844 110 149 168 170 171 172 179 174 110 111 175 177 180 181 183 185 187 188 90 830 73 831 75 832 833 834 835 80 87 81 836 83 837 838 839 840 841 842 843 69 189 190 192 193 194
127: 90 830 73 831 75 832 833 834 835 80 87 81 836 83 837 838 839 840 841 842 843 69 189 190 192 193
126: 189 190
125: 144 115 852 146 147 184 117 844 110 149 168 170 171 172 179 174 110 111 175 177 180 181 183 185 187 188
124: 170 115 852 171 172 179 174 110 111 175 177 180 181 183
123: 174 110 111 175 177
122: 170 115 852 171 172
120: 117 844 110 149 168
119: 144 115 852 146 147
118: 131 133 117 134 136 137 139 84 90 830 73 831 75 832 833 834 835 80 87 81 836 83 837 838 839 840 841 842 843 69 86 88 141 143
117: 117 134 136 137
111: 131 133
110: 96 90 830 73 831 75 832 833 834 835 80 87 81 836 83 837 838 839 840 841 842 843 69 98 100 844 110 112 114 102 845 116 118 120 122 124 125 127 104 106 108 128 130
109: 844 110 112 114 102 845 116 118 120 122 124 125
108: 844 110 112 114 102 845 116 118 120
106: 844 110 112 114
105: 844 110
104: 102 104 106 108
80: 847 844 845 846 97 99 100
137: 844 110 234 96 90 830 73 831 75 832 833 834 835 80 87 81 836 83 837 838 839 840 841 842 843 93 204 206 209 210 236 237
78: 846 97
79: 844 845
136: 844 110 96 90 830 73 831 75 832 833 834 835 80 87 81 836 83 837 838 839 840 841 842 843 93 204 206 212 102 207 209 210 214 216 117 149 168 222 224 226 228
77: 90 830 73 831 75 832 833 834 835 80 87 81 836 83 837 838 839 840 841 842 843 93
135: 117 844 110 149 168 96 90 830 73 831 75 832 833 834 835 80 87 81 836 83 837 838 839 840 841 842 843 93 204 206 222
76: 90 830 73 831 75 832 833 834 835 80 87 81 836 83 837 838 839 840 841 842 843
203: 115 76 475 110 317 96 90 830 73 831 75 832 833 834 835 80 87 81 836 83 837 838 839 840 841 842 843 93 355 356 477 478
134: 844 110 96 90 830 73 831 75 832 833 834 835 80 87 81 836 83 837 838 839 840 841 842 843 93 204 206 212 102 207 209 210 214 216 144 115 852 146 147 117 149 168 202 218 219 221
75: 75 832 833 834 835 80 87 81 836 83 837 838 839 840 841
202: 844 110 251 90 830 73 831 75 832 833 834 835 80 87 81 836 83 837 838 839 840 841 842 843 93 253 255 209 319 455 457 210 370 371 458 459 461 230 232 233 462 463 465 466 448 102 207 450 451 467 469 452 117 149 168 453 454 470 471 473 474
131: 96 90 830 73 831 75 832 833 834 835 80 87 81 836 83 837 838 839 840 841 842 843 93 204 206
72: 837 838 839
199: 844 110 251 90 830 73 831 75 832 833 834 835 80 87 81 836 83 837 838 839 840 841 842 843 93 253 255 209 319 455 457 210 370 371 458 459 461
130: 196 198 199 200 201
71: 81 836 83
198: 844 110 209 210 251 90 830 73 831 75 832 833 834 835 80 87 81 836 83 837 838 839 840 841 842 843 93 253 255 370 371 448 102 207 319 450 451 452 117 149 168 453 454
100: 90 117 115 852 118 853 84 90 830 73 831 75 832 833 834 835 80 87 81 836 83 837 838 839 840 841 842 843 69 86 88 92 94
133: 844 110 96 90 830 73 831 75 832 833 834 835 80 87 81 836 83 837 838 839 840 841 842 843 93 204 206 212 102 207 209 210 214 216
74: 834 835 80
201: 844 110 251 90 830 73 831 75 832 833 834 835 80 87 81 836 83 837 838 839 840 841 842 843 93 253 255 209 319 455 457 210 370 371 458 459 461 230 232 233 462 463 465 466 448 102 207 450 451 467 469
132: 230 844 110 232 233
73: 75 832 833
200: 844 110 251 90 830 73 831 75 832 833 834 835 80 87 81 836 83 837 838 839 840 841 842 843 93 253 255 209 319 455 457 210 370 371 458 459 461 230 232 233 462 463 465
102: 96 90 830 73 831 75 832 833 834 835 80 87 81 836 83 837 838 839 840 841 842 843 69 98 100
83: 101 102
129: 196 198 199
70: 830 73 831
197: 844 110 251 90 830 73 831 75 832 833 834 835 80 87 81 836 83 837 838 839 840 841 842 843 93 253 255 448 102 207 209 319 450 451
99: 84 90 830 73 831 75 832 833 834 835 80 87 81 836 83 837 838 839 840 841 842 843 69 86 88
82: 829 71
84: 101 103
85: 101 102 103 104 848 106
86: 829 71 90 830 73 831 75 832 833 834 835 80 87 81 836 83 837 838 839 840 841 842 843 93 849 847 844 845 846 97 99 100 101 102 103 104 848 106 108 109
81: 110 111
91: 101 102 110 111 112 850 851
92: 115 852
95: 117 115 852 118 853
96: 101 103 120 102 110 111 112 850 851 117 115 852 118 853 121 854 68
88: 90 830 73 831 75 832 833 834 835 80 87 81 836 83 837 838 839 840 841 842 843 69
89: 71 90 830 73 831 75 832 833 834 835 80 87 81 836 83 837 838 839 840 841 842 843 69 72 74
97: 115 76
98: 101 103 120 102 110 111 112 850 851 117 115 852 118 853 121 854 68 78 71 90 830 73 831 75 832 833 834 835 80 87 81 836 83 837 838 839 840 841 842 843 69 72 74 76 80 82
93: 102
138: 844 110 234 96 90 830 73 831 75 832 833 834 835 80 87 81 836 83 837 838 839 840 841 842 843 93 204 206 209 210 236 237 239 230 232 233 241 242
139: 844 110 96 90 830 73 831 75 832 833 834 835 80 87 81 836 83 837 838 839 840 841 842 843 93 204 206 212 102 207 209 210 214 216 144 115 852 146 147 117 149 168 202 218 219 221 244 222 224 226 228 234 236 237 239 230 232 233 241 242 245 247 249
140: 251 90 830 73 831 75 832 833 834 835 80 87 81 836 83 837 838 839 840 841 842 843 93 253 255
141: 144 115 852 146 147 251 90 830 73 831 75 832 833 834 835 80 87 81 836 83 837 838 839 840 841 842 843 93 253 255 257 259
142: 71 90 830 73 831 75 832 833 834 835 80 87 81 836 83 837 838 839 840 841 842 843 69 260 261
143: 230 262 263
144: 144 115 852 146 147 117 844 110 149 168 202 230 262 263 264 266 267
145: 117 844 110 149 168 268 269
146: 117 844 110 149 168 268 269 71 90 830 73 831 75 832 833 834 835 80 87 81 836 83 837 838 839 840 841 842 843 69 260 261 271 144 115 852 146 147 202 230 262 263 264 266 267 273 274 276
147: 251 90 830 73 831 75 832 833 834 835 80 87 81 836 83 837 838 839 840 841 842 843 69 278 279
148: 170 115 852 171 172 144 146 147 280 281 282
149: 251 90 830 73 831 75 832 833 834 835 80 87 81 836 83 837 838 839 840 841 842 843 69 278 279 170 115 852 171 172 144 146 147 280 281 282 174 110 111 175 177 283 284 285
150: 84 90 830 73 831 75 832 833 834 835 80 87 81 836 83 837 838 839 840 841 842 843 93 286 288
151: 290
152: 131 133 102 207 292 84 90 830 73 831 75 832 833 834 835 80 87 81 836 83 837 838 839 840 841 842 843 93 286 288 290 294 296
113: 170 297 298
154: 117 115 852 118 853 300 301
155: 251 90 830 73 831 75 832 833 834 835 80 87 81 836 83 837 838 839 840 841 842 843 69 278 279 117 115 852 118 853 300 301 302 170 297 298 304 305
156: 170 844 845 306 308
157: 209 844 845 309 311 312
158: 251 90 830 73 831 75 832 833 834 835 80 87 81 836 83 837 838 839 840 841 842 843 69 278 279 314 170 844 845 306 308 209 309 311 312 315 316
114: 110 317
115: 209 319
159: 209 319 110 111 321 323 325
160: 844 845 209 319 110 111 321 323 325 317 327 328 329
161: 844 845 209 319 110 111 321 323 325 317 327 328 329 251 90 830 73 831 75 832 833 834 835 80 87 81 836 83 837 838 839 840 841 842 843 69 278 279 330 309 311 312 331 333 334
162: 251 90 830 73 831 75 832 833 834 835 80 87 81 836 83 837 838 839 840 841 842 843 69 278 279 314 170 844 845 306 308 209 309 311 312 315 316 319 110 111 321 323 325 317 327 328 329 330 331 333 334 336 338 340
163: 115 852 341 71 90 830 73 831 75 832 833 834 835 80 87 81 836 83 837 838 839 840 841 842 843 69 72 74 209 319 342 344
164: 251 90 830 73 831 75 832 833 834 835 80 87 81 836 83 837 838 839 840 841 842 843 93 345 346
165: 115 852 209 319 347 348
166: 251 90 830 73 831 75 832 833 834 835 80 87 81 836 83 837 838 839 840 841 842 843 93 345 346 115 852 209 319 347 348 174 110 111 175 177 349 350 351
168: 131 353
167: 96 90 830 73 831 75 832 833 834 835 80 87 81 836 83 837 838 839 840 841 842 843 93 355 356
169: 102 207 357 131 353 96 90 830 73 831 75 832 833 834 835 80 87 81 836 83 837 838 839 840 841 842 843 93 355 356 359 360
116: 361 362 364 365
171: 844 110 251 90 830 73 831 75 832 833 834 835 80 87 81 836 83 837 838 839 840 841 842 843 93 253 255 361 362 364 365 367 368
170: 844 110 209 210 251 90 830 73 831 75 832 833 834 835 80 87 81 836 83 837 838 839 840 841 842 843 93 253 255 370 371
172: 373 844 110 251 90 830 73 831 75 832 833 834 835 80 87 81 836 83 837 838 839 840 841 842 843 93 253 255 361 362 364 365 367 368 209 210 370 371 374 375
173: 101 103 376 251 90 830 73 831 75 832 833 834 835 80 87 81 836 83 837 838 839 840 841 842 843 93 345 346 131 353 377 379
175: 380 382
87: 189 383
174: 189 383 384 385
176: 90 830 73 831 75 832 833 834 835 80 87 81 836 83 837 838 839 840 841 842 843 93 209 210 386 380 382 189 383 384 385 388 389
177: 391 131 133 102 207 393 394
178: 71 90 830 73 831 75 832 833 834 835 80 87 81 836 83 837 838 839 840 841 842 843 69 72 74 391 131 133 102 207 393 394 396
90: 398 399 401
179: 96 90 830 73 831 75 832 833 834 835 80 87 81 836 83 837 838 839 840 841 842 843 69 402 403
180: 398 399 401 404 131 133 96 90 830 73 831 75 832 833 834 835 80 87 81 836 83 837 838 839 840 841 842 843 69 402 403 405 406
181: 131 133 407 209 210 251 90 830 73 831 75 832 833 834 835 80 87 81 836 83 837 838 839 840 841 842 843 93 253 255 408 409
182: 209 319 410 251 90 830 73 831 75 832 833 834 835 80 87 81 836 83 837 838 839 840 841 842 843 69 278 279 131 353 411 412
183: 413 101 102 380 382 415 416
184: 71 90 830 73 831 75 832 833 834 835 80 87 81 836 83 837 838 839 840 841 842 843 69 260 261 413 101 102 380 382 415 416 418
185: 131 133 110 317 419 421
186: 96 90 830 73 831 75 832 833 834 835 80 87 81 836 83 837 838 839 840 841 842 843 93 204 206 423 230 262 263 131 133 110 317 419 421 424 425
188: 102 426 427 428
189: 430 102 426 427 428 431 432
190: 844 845 434 435
192: 430 102 436 438
193: 844 845 434 435 430 102 436 438 440 441 442 444
194: 96 90 830 73 831 75 832 833 834 835 80 87 81 836 83 837 838 839 840 841 842 843 93 204 206 423 430 102 426 427 428 431 432 844 845 434 435 436 438 440 441 442 444 446 447
196: 844 110 251 90 830 73 831 75 832 833 834 835 80 87 81 836 83 837 838 839 840 841 842 843 93 253 255 209 319 455 457
----------------------------------------

【xmg】
276: 103 104 781 101 102 106 782 111 112 170 658 n567 n571 n568 785 342 n569 n570 n572 n573 180 182 767 768 80 770 771 772 87 75 765 766 81 769 83 773 774 90 763 73 764 775 776 70 183 185 n565 n566 n574 n575
275: 103 104 781 101 102 106 782 111 112 170 658 n567 n571 n568 785 342 n569 n570 n572 n573
274: 101 102 n568 103 104 785 342 n569 n570
273: 111 112 170 658 n567
272: 785 342 180 182 767 768 80 770 771 772 87 75 765 766 81 769 83 773 774 90 763 73 764 775 776 70 183 185 n565 n566
271: 89 767 768 80 770 771 772 87 75 765 766 81 769 83 773 774 90 763 73 764 775 776 93 231 232 103 104 77 79 579 785 117 118 786 120 581 582 263 n560 n561 n562 238 n558 n559 n563 n564
270: 263 785 117 118 786 120 89 767 768 80 770 771 772 87 75 765 766 81 769 83 773 774 90 763 73 764 775 776 93 231 232 n560 n561
153: 785 117 238 n558 n559
269: 767 768 80 770 771 772 87 75 765 766 81 769 83 773 774 90 763 73 764 775 776 93 231 252 312 109 111 n552 111 112 101 200 n553 n554 n555 278 326 n556 n557
268: 109 111 n552 111 112 101 200 n553 n554
267: 767 768 80 770 771 772 87 75 765 766 81 769 83 773 774 90 763 73 764 775 776 70 87 196 358 777 778 101 117 n549 109 111 113 115 n550 n551
107: 777 778 101 117
266: 767 768 80 770 771 772 87 75 765 766 81 769 83 773 774 90 763 73 764 775 776 93 195 196 197 562 563 565 n546 238 239 278 326 n547 n548
265: 767 768 80 770 771 772 87 75 765 766 81 769 83 773 774 90 763 73 764 775 776 70 71 196 236 109 320 134 538 661 103 104 656 658 660 662 663 664 238 267 n544 n545
264: 109 320 134 538 661 103 104 656 658 660 662 663
263: 103 104 656 658 660
262: 777 778 238 239 650 134 291 651 653 767 768 80 770 771 772 87 75 765 766 81 769 83 773 774 90 763 73 764 775 776 70 87 196 358 654 655
261: 777 778 238 239 650 134 291 651 653
260: 767 768 80 770 771 772 87 75 765 766 81 769 83 773 774 90 763 73 764 775 776 93 195 196 197 786 785 117 144 146 634 109 111 148 151 217 630 150 631 632 635 636 194 638 639 640 646 641 169 643 644 645 647 649
259: 767 768 80 770 771 772 87 75 765 766 81 769 83 773 774 90 763 73 764 775 776 93 195 196 197 641 785 117 144 151 169 786 146 109 111 148 150 194 643 217 644 645
187: 767 768 80 770 771 772 87 75 765 766 81 769 83 773 774 90 763 73 764 775 776 93 195 196 197 641
258: 786 785 117 144 146 109 111 148 150 194 151 217 638 767 768 80 770 771 772 87 75 765 766 81 769 83 773 774 90 763 73 764 775 776 93 195 196 197 639 640
257: 767 768 80 770 771 772 87 75 765 766 81 769 83 773 774 90 763 73 764 775 776 93 195 196 197 786 785 117 144 146 634 109 111 148 151 217 630 150 631 632 635 636
256: 109 111 148 151 217 630 786 150 631 632
255: 103 104 553 111 112 554 556 101 102 557 558 767 768 80 770 771 772 87 75 765 766 81 769 83 773 774 90 763 73 764 775 776 70 87 89 91 785 342 627 628
254: 89 767 768 80 770 771 772 87 75 765 766 81 769 83 773 774 90 763 73 764 775 776 93 231 232 101 109 111 600 601 609 786 785 117 144 146 610 611 148 151 217 612 614 615 617 618 150 619 620 622 623 602 604 605 606 608 624 626
253: 89 767 768 80 770 771 772 87 75 765 766 81 769 83 773 774 90 763 73 764 775 776 93 231 232 109 111 148 151 217 612 614 786 785 117 144 146 615 617 618 150 619 620 622
252: 89 767 768 80 770 771 772 87 75 765 766 81 769 83 773 774 90 763 73 764 775 776 93 231 232 109 111 148 151 217 612 614 786 785 117 144 146 615 617 618
251: 89 767 768 80 770 771 772 87 75 765 766 81 769 83 773 774 90 763 73 764 775 776 93 231 232 109 111 148 151 217 612 614
250: 89 767 768 80 770 771 772 87 75 765 766 81 769 83 773 774 90 763 73 764 775 776 93 231 232 101 109 111 600 601 609 786 785 117 144 146 610 611
249: 89 767 768 80 770 771 772 87 75 765 766 81 769 83 773 774 90 763 73 764 775 776 93 231 232 101 109 111 600 601 602 785 117 604 605 606 608
248: 89 767 768 80 770 771 772 87 75 765 766 81 769 83 773 774 90 763 73 764 775 776 93 231 232 602 785 117 604 605
247: 89 767 768 80 770 771 772 87 75 765 766 81 769 83 773 774 90 763 73 764 775 776 93 231 232 101 109 111 600 601
246: 111 112 767 768 80 770 771 772 87 75 765 766 81 769 83 773 774 90 763 73 764 775 776 93 231 252 312 596 77 79 597 598
245: 180 182 767 768 80 770 771 772 87 75 765 766 81 769 83 773 774 90 763 73 764 775 776 70 183 185 777 778 281 283 285 286 592 277 278 280 594 595
244: 77 79 584 101 102 585 587 89 767 768 80 770 771 772 87 75 765 766 81 769 83 773 774 90 763 73 764 775 776 93 231 232 103 104 579 785 117 118 786 120 581 582 589 590
243: 77 79 584 101 102 585 587
242: 89 767 768 80 770 771 772 87 75 765 766 81 769 83 773 774 90 763 73 764 775 776 93 231 232 103 104 77 79 579 785 117 118 786 120 581 582
241: 767 768 80 770 771 772 87 75 765 766 81 769 83 773 774 90 763 73 764 775 776 70 71 196 236 109 111 103 292 409 578
240: 767 768 80 770 771 772 87 75 765 766 81 769 83 773 774 90 763 73 764 775 776 70 71 73 75 134 291 569 109 111 571 573 574 113 115 575 577
239: 134 291 569 109 111 571 573
238: 101 102 562 563 565 566 89 767 768 80 770 771 772 87 75 765 766 81 769 83 773 774 90 763 73 764 775 776 93 195 262 567 568
237: 562 563 565
236: 103 104 553 111 112 554 556 101 102 557 558 767 768 80 770 771 772 87 75 765 766 81 769 83 773 774 90 763 73 764 775 776 70 87 196 358 549 109 111 550 551 559 561
235: 103 104 553 111 112 554 556 101 102 557 558
234: 103 104 553 111 112 554 556
233: 767 768 80 770 771 772 87 75 765 766 81 769 83 773 774 90 763 73 764 775 776 70 87 196 358 549 109 111 550 551
232: 777 132 767 768 80 770 771 772 87 75 765 766 81 769 83 773 774 90 763 73 764 775 776 70 87 196 358 544 103 292 545 547
231: 539 541 77 79 134 538 542 543
101: 539 541
94: 134 538
230: 109 111 111 198 101 200 204 767 768 80 770 771 772 87 75 765 766 81 769 83 773 774 90 763 73 764 775 776 70 71 73 75 505 507 519 516 517 518 520 521 522 523 524 526 148 151 217 527 528 529 530 532 533 238 508 510 511 513 514 535 536
229: 767 768 80 770 771 772 87 75 765 766 81 769 83 773 774 90 763 73 764 775 776 70 71 73 75 101 200 522 109 111 523 524 526 148 151 217 527 528 529 516 517 518 530 532
228: 767 768 80 770 771 772 87 75 765 766 81 769 83 773 774 90 763 73 764 775 776 70 71 73 75 101 200 522 109 111 523 524 526 148 151 217 527 528
227: 767 768 80 770 771 772 87 75 765 766 81 769 83 773 774 90 763 73 764 775 776 70 71 73 75 101 200 522 109 111 523 524
226: 109 111 111 198 101 200 204 767 768 80 770 771 772 87 75 765 766 81 769 83 773 774 90 763 73 764 775 776 70 71 73 75 505 507 519 516 517 518 520 521
195: 109 111 516 517 518
225: 767 768 80 770 771 772 87 75 765 766 81 769 83 773 774 90 763 73 764 775 776 70 71 73 75 109 111 238 508 510 511 111 198 101 200 204 505 507 513 514
224: 109 111 238 508 510
223: 109 111 111 198 101 200 204 767 768 80 770 771 772 87 75 765 766 81 769 83 773 774 90 763 73 764 775 776 70 71 73 75 505 507
222: 134 136 137 89 767 768 80 770 771 772 87 75 765 766 81 769 83 773 774 90 763 73 764 775 776 93 231 232 473 77 79 474 476 497 278 326 491 492 291 493 103 292 495 496 499 500 501 478 479 481 482 483 484 485 487 488 489 502 504
221: 77 79 497 278 326 491 492 134 291 493 103 292 495 496 499 500
220: 134 291 493 103 292 495 496
219: 278 326 491 492
218: 478 479 481 482 103 292 483 484 485 487 488 489
217: 478 479 481 482 103 292 483 484
216: 478 479 481
215: 134 136 137 89 767 768 80 770 771 772 87 75 765 766 81 769 83 773 774 90 763 73 764 775 776 93 231 232 473 77 79 474 476
214: 387 101 391 393 453 767 768 80 770 771 772 87 75 765 766 81 769 83 773 774 90 763 73 764 775 776 70 71 73 75 454 456 786 777 778 277 457 460 458 459 462 463 468 465 113 390 466 467 469 471
213: 767 768 80 770 771 772 87 75 765 766 81 769 83 773 774 90 763 73 764 775 776 70 71 73 75 465 777 778 113 390 387 101 391 393 466 467
212: 767 768 80 770 771 772 87 75 765 766 81 769 83 773 774 90 763 73 764 775 776 70 71 73 75 786 777 778 277 457 460 387 101 391 393 458 459 462 463
211: 387 101 391 393 458 459
191: 786 777 778 277 457
210: 387 101 391 393 453 767 768 80 770 771 772 87 75 765 766 81 769 83 773 774 90 763 73 764 775 776 70 71 73 75 454 456
209: 767 768 80 770 771 772 87 75 765 766 81 769 83 773 774 90 763 73 764 775 776 70 71 73 75 444 445 777 778 113 390 446 447 449 387 101 391 393 450 451
208: 767 768 80 770 771 772 87 75 765 766 81 769 83 773 774 90 763 73 764 775 776 70 71 73 75 444 445 777 778 113 390 446 447
207: 444
206: 111 112 785 342 440 767 768 80 770 771 772 87 75 765 766 81 769 83 773 774 90 763 73 764 775 776 70 71 252 253 441 442
205: 73 767 768 80 770 771 772 87 75 765 766 81 769 83 773 774 90 763 73 764 775 776 70 87 99 103 292 432 785 117 433 434 436 238 239 437 438
204: 103 292 432 785 117 433 434
112: 101 200
103: 111 198
121: 786 785 117 144 146 109 111 148 150 194
128: 786 109 111 148 150 111 112 170 171 172 173 785 117 144 151 169 175 176 177 146 178 179 180 182 767 768 80 770 771 772 87 75 765 766 81 769 83 773 774 90 763 73 764 775 776 70 183 185 186
127: 180 182 767 768 80 770 771 772 87 75 765 766 81 769 83 773 774 90 763 73 764 775 776 70 183 185
126: 180 182
125: 786 109 111 148 150 111 112 170 171 172 173 785 117 144 151 169 175 176 177 146 178 179
124: 111 112 170 171 172 173 785 117 144 151 169 175 176
123: 111 112 170 171 172
122: 785 117 144 151 169
120: 786 109 111 148 150
119: 786 785 117 144 146
118: 777 132 134 136 137 138 767 768 80 770 771 772 87 75 765 766 81 769 83 773 774 90 763 73 764 775 776 70 87 89 91 140 142
117: 134 136 137
111: 777 132
110: 73 767 768 80 770 771 772 87 75 765 766 81 769 83 773 774 90 763 73 764 775 776 70 87 99 777 778 101 117 109 111 113 115 119 120 122 124 126 127 103 105 107 129 130
109: 777 778 101 117 109 111 113 115 119 120 122 124 126
108: 777 778 101 117 109 111 113 115 119 120
106: 109 111 113 115
105: 109 111
104: 101 103 105 107
80: 779 97 780 777 778 99 100
137: 109 111 767 768 80 770 771 772 87 75 765 766 81 769 83 773 774 90 763 73 764 775 776 93 195 196 197 202 101 200 219 221
78: 779 97
79: 777 778
136: 109 111 767 768 80 770 771 772 87 75 765 766 81 769 83 773 774 90 763 73 764 775 776 93 195 196 197 202 111 198 101 200 204 205 786 148 150 211 212 213 215
77: 767 768 80 770 771 772 87 75 765 766 81 769 83 773 774 90 763 73 764 775 776 93
135: 786 109 111 148 150 767 768 80 770 771 772 87 75 765 766 81 769 83 773 774 90 763 73 764 775 776 93 195 196 197 211
76: 767 768 80 770 771 772 87 75 765 766 81 769 83 773 774 90 763 73 764 775 776
203: 77 79 73 767 768 80 770 771 772 87 75 765 766 81 769 83 773 774 90 763 73 764 775 776 93 195 322 429 134 291 430 431
134: 786 785 117 144 146 109 111 148 150 194 767 768 80 770 771 772 87 75 765 766 81 769 83 773 774 90 763 73 764 775 776 93 195 196 197 207 202 111 198 101 200 204 205 208 210
75: 767 768 80 770 771 772 87 75 765 766 81 769 83 773 774
202: 89 767 768 80 770 771 772 87 75 765 766 81 769 83 773 774 90 763 73 764 775 776 93 231 232 109 111 101 200 330 331 413 103 292 409 411 414 415 148 151 217 417 418 420 421 401 111 198 403 404 422 423 405 786 150 407 408 425 426 427
131: 767 768 80 770 771 772 87 75 765 766 81 769 83 773 774 90 763 73 764 775 776 93 195 196 197
72: 770 771 772
199: 89 767 768 80 770 771 772 87 75 765 766 81 769 83 773 774 90 763 73 764 775 776 93 231 232 109 111 101 200 330 331 413 103 292 409 411 414 415
130: 187 189 190 191 192
71: 81 769 83
198: 89 767 768 80 770 771 772 87 75 765 766 81 769 83 773 774 90 763 73 764 775 776 93 231 232 109 111 101 200 330 331 401 111 198 103 292 403 404 405 786 148 150 407 408
100: 767 768 80 770 771 772 87 75 765 766 81 769 83 773 774 90 763 73 764 775 776 70 87 89 91 93 785 117 118 786 120 95 97
133: 109 111 767 768 80 770 771 772 87 75 765 766 81 769 83 773 774 90 763 73 764 775 776 93 195 196 197 202 111 198 101 200 204 205
74: 767 768 80
201: 89 767 768 80 770 771 772 87 75 765 766 81 769 83 773 774 90 763 73 764 775 776 93 231 232 109 111 101 200 330 331 413 103 292 409 411 414 415 148 151 217 417 418 420 421 401 111 198 403 404 422 423
132: 109 111 148 151 217
73: 75 765 766
200: 89 767 768 80 770 771 772 87 75 765 766 81 769 83 773 774 90 763 73 764 775 776 93 231 232 109 111 101 200 330 331 413 103 292 409 411 414 415 148 151 217 417 418 420
102: 73 767 768 80 770 771 772 87 75 765 766 81 769 83 773 774 90 763 73 764 775 776 70 87 99
83: 101 102
129: 187 189 190
70: 763 73 764
197: 109 111 89 767 768 80 770 771 772 87 75 765 766 81 769 83 773 774 90 763 73 764 775 776 93 231 232 401 111 198 103 292 403 404
99: 767 768 80 770 771 772 87 75 765 766 81 769 83 773 774 90 763 73 764 775 776 70 87 89 91
82: 762 71
84: 103 104
85: 103 104 781 101 102 106 782
86: 767 768 80 770 771 772 87 75 765 766 81 769 83 773 774 90 763 73 764 775 776 93 103 104 781 101 102 106 782 108 762 71 779 97 780 777 778 99 100 109 110
81: 111 112
91: 111 112 783 101 102 784 115
92: 785 117
95: 785 117 118 786 120
96: 111 112 783 101 102 784 115 785 117 118 786 120 121 103 104 787 68
88: 767 768 80 770 771 772 87 75 765 766 81 769 83 773 774 90 763 73 764 775 776 70
89: 767 768 80 770 771 772 87 75 765 766 81 769 83 773 774 90 763 73 764 775 776 70 71 73 75
97: 77 79
98: 111 112 783 101 102 784 115 785 117 118 786 120 121 103 104 787 68 77 79 81 767 768 80 770 771 772 87 75 765 766 81 769 83 773 774 90 763 73 764 775 776 70 71 73 75 83 85
93: 101
138: 109 111 767 768 80 770 771 772 87 75 765 766 81 769 83 773 774 90 763 73 764 775 776 93 195 196 197 202 101 200 219 221 223 148 151 217 224 225
139: 109 111 767 768 80 770 771 772 87 75 765 766 81 769 83 773 774 90 763 73 764 775 776 93 195 196 197 202 111 198 101 200 204 205 786 148 150 211 212 213 215 219 221 223 151 217 224 225 227 785 117 144 146 194 207 208 210 228 229
140: 89 767 768 80 770 771 772 87 75 765 766 81 769 83 773 774 90 763 73 764 775 776 93 231 232
141: 89 767 768 80 770 771 772 87 75 765 766 81 769 83 773 774 90 763 73 764 775 776 93 231 232 786 785 117 144 146 233 234
142: 767 768 80 770 771 772 87 75 765 766 81 769 83 773 774 90 763 73 764 775 776 70 71 196 236
143: 238 239
144: 785 117 238 239 241 786 144 146 109 111 148 150 194 242 243
145: 786 109 111 148 150 244 245
146: 767 768 80 770 771 772 87 75 765 766 81 769 83 773 774 90 763 73 764 775 776 70 71 196 236 786 109 111 148 150 244 245 246 785 117 238 239 241 144 146 194 242 243 247 249 250
147: 767 768 80 770 771 772 87 75 765 766 81 769 83 773 774 90 763 73 764 775 776 70 71 252 253
148: 786 785 117 144 146 255 151 169 256 258
149: 767 768 80 770 771 772 87 75 765 766 81 769 83 773 774 90 763 73 764 775 776 70 71 252 253 111 112 170 171 172 259 786 785 117 144 146 255 151 169 256 258 260 261
150: 89 767 768 80 770 771 772 87 75 765 766 81 769 83 773 774 90 763 73 764 775 776 93 195 262
151: 263
152: 777 132 263 264 111 198 89 767 768 80 770 771 772 87 75 765 766 81 769 83 773 774 90 763 73 764 775 776 93 195 262 265 266
113: 238 267
154: 785 117 118 786 120 268 270
155: 767 768 80 770 771 772 87 75 765 766 81 769 83 773 774 90 763 73 764 775 776 70 71 252 253 785 117 118 786 120 268 270 272 238 267 274 275
156: 777 778 277 278 280
157: 777 778 281 283 285 286
158: 767 768 80 770 771 772 87 75 765 766 81 769 83 773 774 90 763 73 764 775 776 70 71 252 253 287 777 778 277 278 280 281 283 285 286 289 290
114: 134 291
115: 103 292
159: 111 112 293 103 292 294 296
160: 777 778 134 291 297 111 112 293 103 292 294 296 298 299
161: 767 768 80 770 771 772 87 75 765 766 81 769 83 773 774 90 763 73 764 775 776 70 71 252 253 777 778 134 291 297 111 112 293 103 292 294 296 298 299 300 281 283 285 286 301 302 304
162: 767 768 80 770 771 772 87 75 765 766 81 769 83 773 774 90 763 73 764 775 776 70 71 252 253 777 778 134 291 297 111 112 293 103 292 294 296 298 299 300 281 283 285 286 301 302 304 287 277 278 280 289 290 305 307
163: 785 117 103 292 309 767 768 80 770 771 772 87 75 765 766 81 769 83 773 774 90 763 73 764 775 776 70 71 73 75 310 311
164: 767 768 80 770 771 772 87 75 765 766 81 769 83 773 774 90 763 73 764 775 776 93 231 252 312
165: 103 292 785 117 314 315
166: 767 768 80 770 771 772 87 75 765 766 81 769 83 773 774 90 763 73 764 775 776 93 231 252 312 111 112 170 171 172 316 103 292 785 117 314 315 317 319
168: 109 320
167: 73 767 768 80 770 771 772 87 75 765 766 81 769 83 773 774 90 763 73 764 775 776 93 195 322
169: 111 198 73 767 768 80 770 771 772 87 75 765 766 81 769 83 773 774 90 763 73 764 775 776 93 195 322 323 109 320 324 325
116: 278 326
171: 89 767 768 80 770 771 772 87 75 765 766 81 769 83 773 774 90 763 73 764 775 776 93 231 232 109 111 278 326 327 328
170: 89 767 768 80 770 771 772 87 75 765 766 81 769 83 773 774 90 763 73 764 775 776 93 231 232 109 111 101 200 330 331
172: 89 767 768 80 770 771 772 87 75 765 766 81 769 83 773 774 90 763 73 764 775 776 93 231 232 109 111 101 200 330 331 333 278 326 327 328 334 335
173: 103 104 109 320 337 767 768 80 770 771 772 87 75 765 766 81 769 83 773 774 90 763 73 764 775 776 93 231 252 312 339 341
175: 785 342
87: 779 343
174: 779 343 344 345
176: 101 200 779 343 344 345 347 767 768 80 770 771 772 87 75 765 766 81 769 83 773 774 90 763 73 764 775 776 93 785 342 348 349
177: 777 132 350 111 198 352 353
178: 767 768 80 770 771 772 87 75 765 766 81 769 83 773 774 90 763 73 764 775 776 70 71 73 75 777 132 350 111 198 352 353 354
90: 355 356
179: 767 768 80 770 771 772 87 75 765 766 81 769 83 773 774 90 763 73 764 775 776 70 87 196 358
180: 355 356 767 768 80 770 771 772 87 75 765 766 81 769 83 773 774 90 763 73 764 775 776 70 87 196 358 359 777 132 361 362
181: 777 132 89 767 768 80 770 771 772 87 75 765 766 81 769 83 773 774 90 763 73 764 775 776 93 231 232 363 101 200 364 366
182: 103 292 109 320 367 767 768 80 770 771 772 87 75 765 766 81 769 83 773 774 90 763 73 764 775 776 70 71 252 253 369 370
183: 785 342 371 101 102 372 373
184: 767 768 80 770 771 772 87 75 765 766 81 769 83 773 774 90 763 73 764 775 776 70 71 196 236 785 342 371 101 102 372 373 374
185: 134 291 777 132 376 378
186: 767 768 80 770 771 772 87 75 765 766 81 769 83 773 774 90 763 73 764 775 776 93 195 196 197 134 291 777 132 376 378 379 238 239 381 382
188: 101 383 384 385
189: 101 383 384 385 386 387 388
190: 777 778 113 390
192: 387 101 391 393
193: 387 101 391 393 394 777 778 113 390 395 397
194: 767 768 80 770 771 772 87 75 765 766 81 769 83 773 774 90 763 73 764 775 776 93 195 196 197 387 101 391 393 394 777 778 113 390 395 397 398 383 384 385 386 388 399 400
196: 89 767 768 80 770 771 772 87 75 765 766 81 769 83 773 774 90 763 73 764 775 776 93 231 232 109 111 103 292 409 411
----------------------------------------
