
【aig】
550: 334 325 356 357 358 359 514 515 874 875 876
549: 322 412 413 325 356 367 407 475 870 871 872 873
548: 325 356 357 378 379 345 364 365 469 522 867 868 869
547: 325 326 338 397 398 352 539 540 541 865 866
546: 325 356 357 378 379 389 390 574 863 864
545: 325 326 338 397 411 334 394 502 526 786 862
544: 325 326 338 339 340 345 346 372 474 860 861
543: 325 326 338 339 402 345 346 347 448 856 857 858 859
542: 325 326 338 397 411 352 539 565 693 694 853 854 855
541: 325 326 327 385 487 352 539 565 693 849 850 851 852
540: 325 326 327 328 349 322 412 413 845 846 847 848
539: 325 356 357 378 426 322 412 435 843 844
538: 322 412 413 325 326 327 385 487 841 842
537: 325 356 357 358 359 352 353 354 401 839 840
536: 325 326 338 397 411 322 412 413 414 838
535: 325 326 327 385 386 345 364 455 456 834 835 836 837
534: 334 394 395 396 325 356 367 407 408 830 831 832 833
533: 389 390 391 325 326 338 397 411 748 829
532: 352 353 354 401 325 326 338 339 402 403 828
531: 325 326 338 397 411 345 346 347 448 824 825 826 827
530: 325 356 357 378 426 334 394 395 497 820 821 822 823
529: 325 356 357 378 426 345 346 347 448 818 819
528: 325 356 367 368 369 440 441 442 443 444 815 816 817
527: 345 346 372 373 325 356 367 407 408 409 814
526: 325 356 357 358 459 352 539 565 566 812 813
525: 345 364 365 366 325 326 338 397 398 810 811
524: 325 326 327 328 329 352 353 354 401 808 809
523: 325 326 327 328 349 345 346 372 373 374 807
522: 325 356 367 368 369 334 394 502 526 803 804 805 806
521: 325 326 327 328 349 345 364 365 366 801 802
520: 352 353 354 355 325 356 357 358 459 799 800
519: 325 356 357 358 359 334 394 502 503 797 798
518: 345 364 365 366 325 356 357 378 426 793 794 795 796
517: 325 326 327 328 349 334 335 561 562 791 792
516: 389 390 391 325 326 338 397 411 748 788 789 790
515: 325 326 338 397 411 334 394 502 526 786 787
514: 325 356 367 368 369 352 353 429 430 782 783 784 785
513: 325 356 367 368 369 334 394 502 503 721 779 780 781
512: 325 356 367 407 408 352 539 565 693 775 776 777 778
511: 325 326 327 328 349 345 346 372 373 374 774
510: 325 356 367 368 369 352 539 565 566 770 771 772 773
509: 325 326 327 385 487 334 335 561 562 563 767 768 769
508: 325 326 338 339 340 345 346 347 348 765 766
507: 325 356 367 368 420 352 539 540 541 763 764
506: 325 326 338 339 340 334 394 395 497 761 762
505: 325 356 367 407 475 389 390 574 757 758 759 760
504: 389 390 391 325 356 367 368 420 421 756
503: 325 326 338 339 340 389 390 574 754 755
502: 325 356 367 368 420 389 390 574 752 753
501: 389 390 391 325 326 338 397 411 748 749 750 751
500: 325 326 327 328 329 352 539 540 541 746 747
499: 325 356 367 407 408 389 390 574 744 745
498: 325 326 338 339 340 334 394 502 503 714 743
497: 325 326 338 397 411 352 539 565 566 739 740 741 742
496: 325 326 327 385 386 352 539 540 541 735 736 737 738
495: 325 326 338 339 340 334 394 502 503 714 732 733 734
494: 325 326 338 397 398 334 394 502 503 728 729 730 731
493: 325 326 327 385 386 352 353 354 401 726 727
492: 325 326 338 397 411 322 412 413 414 723 724 725
491: 325 356 367 368 369 334 394 502 503 721 722
490: 325 326 327 328 349 345 346 372 373 374 720
489: 345 364 455 456 325 356 357 358 459 718 719
488: 322 412 413 325 356 367 368 420 716 717
487: 325 326 338 339 340 334 394 502 503 714 715
486: 325 356 367 368 420 352 539 565 693 710 711 712 713
485: 325 326 338 397 411 389 390 574 708 709
484: 345 346 372 373 325 356 357 378 379 704 705 706 707
483: 325 326 338 397 398 345 364 455 456 702 703
482: 325 356 357 358 459 352 539 540 569 700 701
481: 325 326 327 328 349 345 364 365 469 696 697 698 699
480: 325 326 338 397 411 352 539 565 693 694 695
479: 352 539 565 693
478: 325 326 327 328 329 334 394 395 497 689 690 691 692
477: 345 346 372 373 325 356 357 378 426 676 688
476: 334 394 395 396 325 356 357 378 426 686 687
475: 322 323 324 325 356 367 368 369 682 683 684 685
474: 325 326 327 328 329 345 364 365 366 680 681
473: 325 356 357 358 359 322 412 413 678 679
472: 345 346 372 373 325 356 357 378 426 676 677
471: 325 356 357 378 426 440 441 670 671 672 673 674 675
470: 325 356 357 378 426 440 441 670 671 672
469: 389 390 391 325 356 367 407 408 666 667 668 669
468: 325 326 327 328 329 345 364 455 456 664 665
467: 325 326 327 328 349 322 412 435 660 661 662 663
466: 322 412 413 325 356 357 358 459 656 657 658 659
465: 325 326 338 339 340 334 335 561 562 652 653 654 655
464: 325 356 367 407 475 334 394 502 526 633 649 650 651
463: 325 326 327 328 329 389 508 509 647 648
462: 325 326 327 328 329 345 346 372 373 645 646
461: 345 346 372 373 325 326 338 397 411 643 644
460: 325 326 338 397 411 345 346 372 474 639 640 641 642
459: 325 326 327 385 487 389 390 574 637 638
458: 325 356 367 407 475 334 394 502 526 633 634 635 636
457: 325 356 357 358 359 322 323 384 629 630 631 632
456: 325 356 367 407 475 352 539 540 541 627 628
455: 325 356 357 358 359 345 346 372 373 625 626
454: 322 323 324 325 326 327 328 349 621 622 623 624
453: 322 412 435 325 356 367 407 475 619 620
452: 325 326 327 328 349 345 346 347 448 617 618
451: 325 356 367 368 369 352 539 540 569 615 616
450: 325 356 357 378 426 345 364 455 456 611 612 613 614
381: 345 346 347 448
380: 322 323 384 325 356 367 407 408 446 447
379: 325 356 367 368 369 440 441 442 443 444 445
378: 325 356 367 368 369 440 441 442 443 444
337: 440 441
377: 325 326 338 397 398 322 412 435 436 437 438 439
376: 322 412 435
375: 325 356 357 378 426 352 353 429 430 431 432 433 434
374: 352 353 429 430
373: 334 335 336 425 325 356 357 378 426 427 428
371: 325 356 357 378 426
372: 334 335 336 425
370: 389 390 391 325 356 367 368 420 421 422 423 424
369: 325 356 367 368 420
368: 325 326 338 339 340 322 412 413 418 419
367: 325 326 338 397 411 322 412 413 414 415 416 417
366: 322 412 413
365: 325 326 338 397 411
364: 345 346 372 373 325 356 367 407 408 409 410
363: 325 356 367 407 408
362: 352 353 354 401 325 326 338 339 402 403 404 405 406
361: 325 326 338 339 402
360: 352 353 354 401
359: 334 394 395 396 325 326 338 397 398 399 400
357: 325 326 338 397 398
358: 334 394 395 396
356: 325 326 327 328 329 389 390 391 392 393
355: 389 390 391
354: 322 323 384 325 326 327 385 386 387 388
335: 345 346 347 348 325 326 327 328 349 350 351
334: 325 326 327 328 349
333: 345 346 347 348
332: 345
331: 334 335 336 337 325 326 338 339 340 341 342 343 344
330: 325 326 338 339 340
329: 325 326 338
328: 334 335 336 337
327: 334
326: 322 323 324 325 326 327 328 329 330 331 332 333
325: 325 326 327 328 329
324: 325 326 327
353: 325 326 327 385 386
382: 325 356 357 378 379 345 346 347 448 449 450 451 452
323: 322 323 324
352: 322 323 384
336: 352
338: 352 353 354 355
339: 325 356 357
340: 325 356 357 358 359
341: 352 353 354 355 325 356 357 358 359 360 361 362 363
343: 345 364 365 366
344: 325 356 367
345: 325 356 367 368 369
346: 345 364 365 366 325 356 367 368 369 370 371
347: 345 346 372 373
348: 325 326 327 328 349 345 346 372 373 374
349: 325 326 327 328 349 345 346 372 373 374 375 376 377
350: 325 356 357 378 379
351: 322 323 324 325 356 357 378 379 380 381 382 383
383: 325 326 327 328 329 345 346 347 348 453 454
384: 345 364 455 456
385: 325 356 357 358 359 345 364 455 456 457 458
386: 325 356 357 358 459
387: 345 346 347 348 325 356 357 358 459 460
388: 345 346 347 348 325 356 357 358 459 460 461 462 463
389: 325 326 327 328 349 345 346 372 373 374 464
390: 325 326 327 385 386 322 412 413 465 466 467 468
391: 345 364 365 469
392: 325 356 357 358 459 345 364 365 469 470 471 472 473
393: 345 346 372 474
394: 325 356 367 407 475
395: 345 346 372 474 325 356 367 407 475 476 477 478 479
396: 345 346 347 348 325 356 357 358 459 460 480 481 482
397: 322 323 384 325 326 338 397 411 483 484
398: 334 335 336 425 325 356 367 407 475 485 486
399: 325 326 327 385 487
400: 322 323 384 325 326 327 385 487 488 489
401: 325 356 367 368 369 440 441 442 443 444 490
402: 322 323 384 325 356 367 368 420 491 492
403: 345 364 365 366 325 326 338 397 411 493 494
404: 325 356 357 358 359 345 364 365 366 495 496
405: 334 394 395 497
406: 325 326 327 385 386 334 394 395 497 498 499 500 501
407: 334 394 502 503
408: 325 326 338 339 402 334 394 502 503 504 505 506 507
409: 389 508 509
410: 325 326 338 339 340 389 508 509 510 511 512 513
342: 514 515
411: 325 356 357 358 459 514 515 516 517 518
412: 325 356 357 358 459 514 515 516 517 518 519 520 521
413: 325 356 357 378 379 345 364 365 469 522
414: 325 356 357 378 379 345 364 365 469 522 523 524 525
415: 334 394 502 526
416: 325 326 338 339 402 334 394 502 526 527 528 529 530
417: 325 326 327 328 329 334 394 502 503 531 532
418: 352 353 429 430 325 356 357 358 459 533 534
419: 325 356 367 368 420 389 508 509 535 536 537 538
420: 352 539 540 541
421: 325 356 357 378 426 352 539 540 541 542 543 544 545
422: 334 394 395 396 325 326 327 385 487 546 547
423: 334 335 336 337 325 356 357 358 359 548 549 550 551
424: 325 356 357 378 379 334 394 502 503 552 553 554 555
425: 322 323 324 325 356 357 378 379 380 556
426: 325 326 327 385 386 334 394 395 396 557 558 559 560
427: 334 335 561 562
428: 325 326 327 385 487 334 335 561 562 563 564
429: 352 539 565 566
430: 325 356 367 407 408 352 539 565 566 567 568
431: 352 539 540 569
432: 325 326 338 397 398 352 539 540 569 570 571
433: 325 326 327 328 349 345 346 372 474 572 573
434: 389 390 574
435: 325 356 357 378 426 389 390 574 575 576
436: 325 356 357 358 359 334 335 336 425 577 578
437: 325 356 357 358 459 334 394 395 497 579 580
438: 325 326 338 397 411 334 335 561 562 581 582
439: 325 326 338 339 340 352 539 540 541 583 584 585 586
440: 345 346 347 348 325 356 357 358 459 460 587 588 589
441: 325 326 338 339 402 389 508 509 590 591
442: 325 356 367 407 475 334 394 502 503 592 593 594 595
443: 325 356 367 407 408 345 346 372 474 596 597
444: 325 356 367 368 420 352 539 565 566 598 599
445: 325 356 357 358 359 334 394 395 396 600 601
446: 334 335 336 337 325 326 327 385 487 602 603
447: 325 356 357 358 359 389 390 391 604 605
448: 352 353 429 430 325 356 357 358 459 533 606 607 608
449: 325 356 357 378 426 352 539 540 569 609 610
----------------------------------------

【xag】
550: 339 361 329 373 376 377 382 527 924 925 926
549: 329 385 387 403 488 324 342 429 920 921 922 923
548: 349 329 373 376 397 322 356 383 482 533 917 918 919
547: 382 368 550 552 332 329 347 348 415 915 916
546: 349 329 373 376 397 382 408 585 912 913
545: 382 339 412 537 329 347 348 361 428 910 911
544: 329 347 348 349 351 342 356 358 487 907 908
543: 356 358 382 461 329 347 348 403 419 903 904 905 906
542: 342 368 550 716 329 347 348 361 428 899 900 901 902
541: 342 368 550 716 327 329 331 349 501 895 896 897 898
540: 324 342 429 327 329 331 361 364 891 892 893 894
539: 324 369 450 329 373 376 403 442 889 890
538: 327 329 331 349 501 324 342 429 887 888
537: 342 368 371 418 361 329 373 376 377 885 886
536: 324 342 429 329 347 348 361 428 883 884
535: 342 356 383 468 327 329 331 403 404 879 880 881 882
534: 349 329 385 387 424 342 339 412 414 875 876 877 878
533: 329 347 348 361 428 322 408 409 873 874
532: 342 368 371 418 329 347 348 403 419 870 871
531: 356 358 382 461 329 347 348 361 428 866 867 868 869
530: 369 339 412 512 329 373 376 403 442 862 863 864 865
529: 356 358 382 461 329 373 376 403 442 860 861
528: 368 332 329 385 387 388 369 455 456 457 857 858 859
527: 356 358 369 392 349 329 385 387 424 425 855
526: 369 368 550 577 332 329 373 376 471 853 854
525: 382 356 383 384 332 329 347 348 415 850 851
524: 327 329 331 332 334 342 368 371 418 847 848
523: 327 329 331 361 364 356 358 369 392 393 846
522: 382 339 412 537 332 329 385 387 388 842 843 844 845
521: 327 329 331 361 364 382 356 383 384 839 840
520: 332 329 373 376 471 369 368 371 372 837 838
519: 361 329 373 376 377 322 339 412 517 834 835
518: 329 373 376 403 442 382 356 383 384 830 831 832 833
517: 322 339 345 573 327 329 331 361 364 828 829
516: 329 347 348 361 428 322 408 409 824 825 826 827
515: 382 339 412 537 329 347 348 361 428 822 823
514: 322 368 371 445 332 329 385 387 388 818 819 820 821
513: 322 339 412 517 332 329 385 387 388 814 815 816 817
512: 342 368 550 716 349 329 385 387 424 810 811 812 813
511: 327 329 331 361 364 356 358 369 392 393 809
510: 369 368 550 577 332 329 385 387 388 805 806 807 808
509: 322 339 345 573 327 329 331 349 501 801 802 803 804
508: 322 356 358 360 329 347 348 349 351 799 800
507: 361 329 385 387 436 382 368 550 552 796 797
506: 369 339 412 512 329 347 348 349 351 794 795
505: 382 408 585 329 385 387 403 488 790 791 792 793
504: 322 408 409 361 329 385 387 436 787 788
503: 382 408 585 329 347 348 349 351 785 786
502: 382 408 585 361 329 385 387 436 783 784
501: 329 347 348 361 428 322 408 409 779 780 781 782
500: 382 368 550 552 327 329 331 332 334 777 778
499: 349 329 385 387 424 382 408 585 774 775
498: 322 339 412 517 329 347 348 349 351 772 773
497: 369 368 550 577 329 347 348 361 428 768 769 770 771
496: 382 368 550 552 327 329 331 403 404 764 765 766 767
495: 322 339 412 517 329 347 348 349 351 760 761 762 763
494: 322 339 412 517 332 329 347 348 415 756 757 758 759
493: 342 368 371 418 327 329 331 403 404 754 755
492: 324 342 429 329 347 348 361 428 750 751 752 753
491: 332 329 385 387 388 322 339 412 517 747 748
490: 327 329 331 361 364 356 358 369 392 393 746
489: 332 329 373 376 471 342 356 383 468 744 745
488: 361 329 385 387 436 324 342 429 742 743
487: 322 339 412 517 329 347 348 349 351 740 741
486: 342 368 550 716 361 329 385 387 436 736 737 738 739
485: 382 408 585 329 347 348 361 428 734 735
484: 349 329 373 376 397 356 358 369 392 730 731 732 733
483: 332 329 347 348 415 342 356 383 468 727 728
482: 332 329 373 376 471 322 368 550 580 724 725
481: 322 356 383 482 327 329 331 361 364 720 721 722 723
480: 329 347 348 361 428 342 368 550 716 717 718
479: 342 368 550 716
478: 369 339 412 512 327 329 331 332 334 712 713 714 715
477: 329 373 376 403 442 356 358 369 392 710 711
476: 329 373 376 403 442 342 339 412 414 708 709
475: 322 324 326 332 329 385 387 388 704 705 706 707
474: 382 356 383 384 327 329 331 332 334 466 703
473: 324 342 429 361 329 373 376 377 701 702
472: 329 373 376 403 442 356 358 369 392 699 700
471: 356 329 373 376 403 442 369 455 694 695 696 697 698
470: 356 329 373 376 403 442 369 455 694 695
469: 349 329 385 387 424 322 408 409 690 691 692 693
468: 342 356 383 468 327 329 331 332 334 688 689
467: 324 369 450 327 329 331 361 364 684 685 686 687
466: 332 329 373 376 471 324 342 429 680 681 682 683
465: 322 339 345 573 329 347 348 349 351 676 677 678 679
464: 382 339 412 537 329 385 387 403 488 672 673 674 675
463: 342 408 522 327 329 331 332 334 670 671
462: 327 329 331 332 334 356 358 369 392 667 668
461: 329 347 348 361 428 356 358 369 392 665 666
460: 342 356 358 487 329 347 348 361 428 661 662 663 664
459: 327 329 331 349 501 382 408 585 658 659
458: 382 339 412 537 329 385 387 403 488 654 655 656 657
457: 324 382 402 361 329 373 376 377 650 651 652 653
456: 382 368 550 552 329 385 387 403 488 648 649
455: 361 329 373 376 377 356 358 369 392 645 646
454: 327 329 331 361 364 322 324 326 641 642 643 644
453: 324 369 450 329 385 387 403 488 638 639
452: 327 329 331 361 364 356 358 382 461 635 636
451: 332 329 385 387 388 322 368 550 580 632 633
450: 329 373 376 403 442 342 356 383 468 628 629 630 631
381: 356 358 382 461
380: 349 329 385 387 424 324 382 402 459 460
379: 368 332 329 385 387 388 369 455 456 457 458
378: 368 332 329 385 387 388 369 455 456 457
337: 369 455
377: 324 369 450 332 329 347 348 415 451 452 453 454
376: 324 369 450
375: 322 368 371 445 329 373 376 403 442 446 447 448 449
374: 322 368 371 445
373: 329 373 376 403 442 339 345 369 441 443 444
371: 329 373 376 403 442
372: 339 345 369 441
370: 361 329 385 387 436 322 408 409 437 438 439 440
369: 361 329 385 387 436
368: 324 342 429 329 347 348 349 351 434 435
367: 324 342 429 329 347 348 361 428 430 431 432 433
366: 324 342 429
365: 329 347 348 361 428
364: 356 358 369 392 349 329 385 387 424 425 426
363: 349 329 385 387 424
362: 329 347 348 403 419 342 368 371 418 420 421 422 423
361: 329 347 348 403 419
360: 342 368 371 418
359: 332 329 347 348 415 342 339 412 414 416 417
357: 332 329 347 348 415
358: 342 339 412 414
356: 322 408 409 327 329 331 332 334 410 411
355: 322 408 409
354: 324 382 402 327 329 331 403 404 405 406
335: 322 356 358 360 327 329 331 361 364 365 366
334: 327 329 331 361 364
333: 322 356 358 360
332: 356
331: 329 347 348 349 351 342 339 345 346 352 353 354 355
330: 329 347 348 349 351
329: 329 347 348
328: 342 339 345 346
327: 339
326: 327 329 331 332 334 322 324 326 335 336 337 338
325: 327 329 331 332 334
324: 327 329 331
353: 327 329 331 403 404
382: 356 358 382 461 349 329 373 376 397 462 463 464 465
323: 322 324 326
352: 324 382 402
336: 368
338: 369 368 371 372
339: 329 373 376
340: 361 329 373 376 377
341: 361 329 373 376 377 369 368 371 372 378 379 380 381
343: 382 356 383 384
344: 329 385 387
345: 332 329 385 387 388
346: 382 356 383 384 332 329 385 387 388 389 390
347: 356 358 369 392
348: 327 329 331 361 364 356 358 369 392 393
349: 327 329 331 361 364 356 358 369 392 393 394 395 396
350: 349 329 373 376 397
351: 349 329 373 376 397 322 324 326 398 399 400 401
383: 322 356 358 360 327 329 331 332 334 466 467
384: 342 356 383 468
385: 342 356 383 468 361 329 373 376 377 469 470
386: 332 329 373 376 471
387: 322 356 358 360 332 329 373 376 471 472
388: 322 356 358 360 332 329 373 376 471 472 473 474 475
389: 327 329 331 361 364 356 358 369 392 393 476
390: 324 342 429 327 329 331 403 404 478 479 480 481
391: 322 356 383 482
392: 322 356 383 482 332 329 373 376 471 483 484 485 486
393: 342 356 358 487
394: 329 385 387 403 488
395: 329 385 387 403 488 342 356 358 487 489 490 491 492
396: 322 356 358 360 332 329 373 376 471 472 493 494 495
397: 324 382 402 329 347 348 361 428 496 497
398: 329 385 387 403 488 339 345 369 441 499 500
399: 327 329 331 349 501
400: 327 329 331 349 501 324 382 402 502 503
401: 368 332 329 385 387 388 369 455 456 457 504
402: 361 329 385 387 436 324 382 402 505 506
403: 382 356 383 384 329 347 348 361 428 507 508
404: 382 356 383 384 361 329 373 376 377 510 511
405: 369 339 412 512
406: 369 339 412 512 327 329 331 403 404 513 514 515 516
407: 322 339 412 517
408: 322 339 412 517 329 347 348 403 419 518 519 520 521
409: 342 408 522
410: 342 408 522 329 347 348 349 351 523 524 525 526
342: 382 527
411: 368 332 329 373 376 471 382 527 528 529
412: 368 332 329 373 376 471 382 527 528 529 530 531 532
413: 349 329 373 376 397 322 356 383 482 533
414: 349 329 373 376 397 322 356 383 482 533 534 535 536
415: 382 339 412 537
416: 382 339 412 537 329 347 348 403 419 538 539 540 541
417: 322 339 412 517 327 329 331 332 334 542 543
418: 332 329 373 376 471 322 368 371 445 544 545
419: 342 408 522 361 329 385 387 436 546 547 548 549
420: 382 368 550 552
421: 382 368 550 552 329 373 376 403 442 553 554 555 556
422: 327 329 331 349 501 342 339 412 414 557 558
423: 361 329 373 376 377 342 339 345 346 559 560 561 562
424: 322 339 412 517 349 329 373 376 397 563 564 565 566
425: 349 329 373 376 397 322 324 326 567 568
426: 342 339 412 414 327 329 331 403 404 569 570 571 572
427: 322 339 345 573
428: 327 329 331 349 501 322 339 345 573 574 575
429: 369 368 550 577
430: 369 368 550 577 349 329 385 387 424 578 579
431: 322 368 550 580
432: 322 368 550 580 332 329 347 348 415 581 582
433: 342 356 358 487 327 329 331 361 364 583 584
434: 382 408 585
435: 382 408 585 329 373 376 403 442 586 587
436: 361 329 373 376 377 339 345 369 441 588 589
437: 369 339 412 512 332 329 373 376 471 591 592
438: 329 347 348 361 428 322 339 345 573 593 594
439: 382 368 550 552 329 347 348 349 351 596 597 598 599
440: 322 356 358 360 332 329 373 376 471 472 600 601 602
441: 342 408 522 329 347 348 403 419 603 604
442: 322 339 412 517 329 385 387 403 488 605 606 607 608
443: 349 329 385 387 424 342 356 358 487 609 610
444: 361 329 385 387 436 369 368 550 577 612 613
445: 342 339 412 414 361 329 373 376 377 615 616
446: 342 339 345 346 327 329 331 349 501 617 618
447: 322 408 409 361 329 373 376 377 620 621
448: 332 329 373 376 471 322 368 371 445 622 623 624 625
449: 322 368 550 580 329 373 376 403 442 626 627
----------------------------------------

【mig】
550: 379 381 383 385 387 638 639 1211 343 1212 1213
549: 401 402 404 463 579 345 470 472 1203 1205 1207 1209
548: 379 381 383 418 419 322 366 564 566 647 1199 1200 1201
547: 351 352 354 445 447 397 374 674 676 1197 1198
546: 379 381 383 418 419 397 730 732 1195 1196
545: 351 352 354 445 468 397 343 652 653 1071 1194
544: 351 352 354 355 356 345 366 575 577 1192 1193
543: 397 366 531 533 351 352 354 355 454 1184 1186 1188 1190
542: 345 374 912 914 351 352 354 445 468 1176 1178 1180 1182
541: 345 374 912 914 327 329 331 432 596 1168 1170 1172 1174
540: 345 470 472 327 329 331 332 370 1160 1162 1164 1166
539: 379 381 383 418 497 375 511 513 1158 1159
538: 345 470 472 327 329 331 432 596 1156 1157
537: 379 381 383 385 387 345 374 451 452 1154 1155
536: 351 352 354 445 468 345 470 472 1152 1153
535: 345 366 544 545 327 329 331 432 433 1144 1146 1148 1150
534: 401 402 404 463 464 345 343 441 443 1137 1138 1140 1142
533: 322 436 438 351 352 354 445 468 1135 1136
532: 345 374 451 452 351 352 354 355 454 1133 1134
531: 397 366 531 533 351 352 354 445 468 1125 1127 1129 1131
530: 375 343 607 608 379 381 383 418 497 1117 1119 1121 1123
529: 379 381 383 418 497 397 366 531 533 1115 1116
528: 374 401 402 404 405 407 522 524 525 527 1111 1112 1113
527: 375 366 410 412 401 402 404 463 464 466 1110
526: 379 381 383 385 549 375 374 718 720 1108 1109
525: 397 366 398 400 351 352 354 445 447 1106 1107
524: 327 329 331 332 334 345 374 451 452 1104 1105
523: 327 329 331 332 370 375 366 410 412 413 1103
522: 397 343 652 653 401 402 404 405 407 1095 1097 1099 1101
521: 327 329 331 332 370 397 366 398 400 1093 1094
520: 375 374 376 378 379 381 383 385 549 1091 1092
519: 379 381 383 385 387 322 343 617 618 1089 1090
518: 379 381 383 418 497 397 366 398 400 1081 1083 1085 1087
517: 327 329 331 332 370 322 343 713 715 1079 1080
516: 351 352 354 445 468 322 436 438 1002 1073 1075 1077
515: 351 352 354 445 468 397 343 652 653 1071 1072
514: 322 374 500 502 401 402 404 405 407 1063 1065 1067 1069
513: 322 343 617 618 401 402 404 405 407 1055 1057 1059 1061
512: 345 374 912 914 401 402 404 463 464 1047 1049 1051 1053
511: 327 329 331 332 370 375 366 410 412 413 1046
510: 375 374 718 720 401 402 404 405 407 1038 1040 1042 1044
509: 322 343 713 715 327 329 331 432 596 1030 1032 1034 1036
508: 351 352 354 355 356 322 366 367 369 1028 1029
507: 401 402 404 405 484 397 374 674 676 1026 1027
506: 351 352 354 355 356 375 343 607 608 1024 1025
505: 397 730 732 401 402 404 463 579 1016 1018 1020 1022
504: 322 436 438 401 402 404 405 484 1014 1015
503: 351 352 354 355 356 397 730 732 1012 1013
502: 401 402 404 405 484 397 730 732 1010 1011
501: 351 352 354 445 468 322 436 438 1002 1004 1006 1008
500: 327 329 331 332 334 397 374 674 676 1000 1001
499: 401 402 404 463 464 397 730 732 998 999
498: 351 352 354 355 356 322 343 617 618 948 997
497: 375 374 718 720 351 352 354 445 468 989 991 993 995
496: 397 374 674 676 327 329 331 432 433 981 983 985 987
495: 322 343 617 618 351 352 354 355 356 973 975 977 979
494: 322 343 617 618 351 352 354 445 447 965 967 969 971
493: 327 329 331 432 433 345 374 451 452 963 964
492: 345 470 472 351 352 354 445 468 474 957 959 961
491: 401 402 404 405 407 322 343 617 618 955 956
490: 327 329 331 332 370 375 366 410 412 413 954
489: 345 366 544 545 379 381 383 385 549 952 953
488: 345 470 472 401 402 404 405 484 950 951
487: 351 352 354 355 356 322 343 617 618 948 949
486: 345 374 912 914 401 402 404 405 484 940 942 944 946
485: 351 352 354 445 468 397 730 732 938 939
484: 379 381 383 418 419 375 366 410 412 930 932 934 936
483: 351 352 354 445 447 345 366 544 545 928 929
482: 379 381 383 385 549 322 374 723 725 926 927
481: 322 366 564 566 327 329 331 332 370 918 920 922 924
480: 351 352 354 445 468 345 374 912 914 916 917
479: 345 374 912 914
478: 375 343 607 608 327 329 331 332 334 904 906 908 910
477: 375 366 410 412 379 381 383 418 497 887 903
476: 345 343 441 443 379 381 383 418 497 900 902
475: 322 324 326 401 402 404 405 407 893 894 896 898
474: 327 329 331 332 334 397 366 398 400 891 892
473: 379 381 383 385 387 345 470 472 889 890
472: 375 366 410 412 379 381 383 418 497 887 888
471: 366 379 381 383 418 497 522 524 880 882 883 884 885
470: 366 379 381 383 418 497 522 524 880 882
469: 401 402 404 463 464 322 436 438 872 874 876 878
468: 327 329 331 332 334 345 366 544 545 870 871
467: 375 511 513 327 329 331 332 370 862 864 866 868
466: 379 381 383 385 549 345 470 472 854 856 858 860
465: 322 343 713 715 351 352 354 355 356 846 848 850 852
464: 397 343 652 653 401 402 404 463 579 816 840 842 844
463: 327 329 331 332 334 345 627 628 838 839
462: 327 329 331 332 334 375 366 410 412 836 837
461: 375 366 410 412 351 352 354 445 468 834 835
460: 345 366 575 577 351 352 354 445 468 826 828 830 832
459: 327 329 331 432 596 397 730 732 824 825
458: 397 343 652 653 401 402 404 463 579 816 818 820 822
457: 397 429 431 379 381 383 385 387 808 810 812 814
456: 401 402 404 463 579 397 374 674 676 806 807
455: 379 381 383 385 387 375 366 410 412 804 805
454: 327 329 331 332 370 322 324 326 796 798 800 802
453: 375 511 513 401 402 404 463 579 794 795
452: 327 329 331 332 370 397 366 531 533 792 793
451: 401 402 404 405 407 322 374 723 725 790 791
450: 379 381 383 418 497 345 366 544 545 783 784 786 788
381: 397 366 531 533
380: 397 429 431 401 402 404 463 464 529 530
379: 374 401 402 404 405 407 522 524 525 527 528
378: 374 401 402 404 405 407 522 524 525 527
337: 522 524
377: 375 511 513 351 352 354 445 447 514 516 518 520
376: 375 511 513
375: 322 374 500 502 379 381 383 418 497 503 505 507 509
374: 322 374 500 502
373: 375 343 494 496 379 381 383 418 497 498 499
371: 379 381 383 418 497
372: 375 343 494 496
370: 401 402 404 405 484 322 436 438 486 488 490 492
369: 401 402 404 405 484
368: 351 352 354 355 356 345 470 472 482 483
367: 345 470 472 351 352 354 445 468 474 476 478 480
366: 345 470 472
365: 351 352 354 445 468
364: 375 366 410 412 401 402 404 463 464 466 467
363: 401 402 404 463 464
362: 351 352 354 355 454 345 374 451 452 455 457 459 461
361: 351 352 354 355 454
360: 345 374 451 452
359: 345 343 441 443 351 352 354 445 447 448 450
357: 351 352 354 445 447
358: 345 343 441 443
356: 327 329 331 332 334 322 436 438 439 440
355: 322 436 438
354: 397 429 431 327 329 331 432 433 434 435
335: 322 366 367 369 327 329 331 332 370 372 373
334: 327 329 331 332 370
333: 322 366 367 369
332: 366
331: 351 352 354 355 356 345 343 347 349 358 360 362 364
330: 351 352 354 355 356
329: 351 352 354
328: 345 343 347 349
327: 343
326: 327 329 331 332 334 322 324 326 335 337 339 341
325: 327 329 331 332 334
324: 327 329 331
353: 327 329 331 432 433
382: 397 366 531 533 379 381 383 418 419 534 536 538 540
323: 322 324 326
352: 397 429 431
336: 374
338: 375 374 376 378
339: 379 381 383
340: 379 381 383 385 387
341: 379 381 383 385 387 375 374 376 378 389 391 393 395
343: 397 366 398 400
344: 401 402 404
345: 401 402 404 405 407
346: 397 366 398 400 401 402 404 405 407 408 409
347: 375 366 410 412
348: 327 329 331 332 370 375 366 410 412 413
349: 327 329 331 332 370 375 366 410 412 413 414 415 416
350: 379 381 383 418 419
351: 379 381 383 418 419 322 324 326 421 423 425 427
383: 327 329 331 332 334 322 366 367 369 542 543
384: 345 366 544 545
385: 379 381 383 385 387 345 366 544 545 547 548
386: 379 381 383 385 549
387: 322 366 367 369 379 381 383 385 549 550
388: 322 366 367 369 379 381 383 385 549 550 551 552 553
389: 327 329 331 332 370 375 366 410 412 413 555
390: 345 470 472 327 329 331 432 433 556 558 560 562
391: 322 366 564 566
392: 322 366 564 566 379 381 383 385 549 567 569 571 573
393: 345 366 575 577
394: 401 402 404 463 579
395: 401 402 404 463 579 345 366 575 577 580 582 584 586
396: 322 366 367 369 379 381 383 385 549 550 588 589 590
397: 397 429 431 351 352 354 445 468 592 593
398: 375 343 494 496 401 402 404 463 579 594 595
399: 327 329 331 432 596
400: 397 429 431 327 329 331 432 596 598 599
401: 374 401 402 404 405 407 522 524 525 527 600
402: 397 429 431 401 402 404 405 484 601 602
403: 397 366 398 400 351 352 354 445 468 603 604
404: 379 381 383 385 387 397 366 398 400 605 606
405: 375 343 607 608
406: 375 343 607 608 327 329 331 432 433 609 611 613 615
407: 322 343 617 618
408: 322 343 617 618 351 352 354 355 454 619 621 623 625
409: 345 627 628
410: 345 627 628 351 352 354 355 356 630 632 634 636
342: 638 639
411: 374 379 381 383 385 549 638 639 640 642
412: 374 379 381 383 385 549 638 639 640 642 643 644 645
413: 379 381 383 418 419 322 366 564 566 647
414: 379 381 383 418 419 322 366 564 566 647 648 649 650
415: 397 343 652 653
416: 397 343 652 653 351 352 354 355 454 654 656 658 660
417: 327 329 331 332 334 322 343 617 618 662 663
418: 322 374 500 502 379 381 383 385 549 664 665
419: 345 627 628 401 402 404 405 484 666 668 670 672
420: 397 374 674 676
421: 397 374 674 676 379 381 383 418 497 677 679 681 683
422: 345 343 441 443 327 329 331 432 596 685 687
423: 379 381 383 385 387 345 343 347 349 688 690 692 694
424: 322 343 617 618 379 381 383 418 419 696 698 700 702
425: 322 324 326 379 381 383 418 419 704 705
426: 345 343 441 443 327 329 331 432 433 706 708 709 711
427: 322 343 713 715
428: 327 329 331 432 596 322 343 713 715 716 717
429: 375 374 718 720
430: 401 402 404 463 464 375 374 718 720 721 722
431: 322 374 723 725
432: 351 352 354 445 447 322 374 723 725 726 727
433: 327 329 331 332 370 345 366 575 577 728 729
434: 397 730 732
435: 379 381 383 418 497 397 730 732 733 734
436: 379 381 383 385 387 375 343 494 496 735 736
437: 379 381 383 385 549 375 343 607 608 737 738
438: 351 352 354 445 468 322 343 713 715 739 740
439: 397 374 674 676 351 352 354 355 356 741 743 745 747
440: 322 366 367 369 379 381 383 385 549 550 749 750 751
441: 351 352 354 355 454 345 627 628 753 754
442: 322 343 617 618 401 402 404 463 579 755 757 759 761
443: 401 402 404 463 464 345 366 575 577 763 764
444: 401 402 404 405 484 375 374 718 720 765 766
445: 379 381 383 385 387 345 343 441 443 767 768
446: 345 343 347 349 327 329 331 432 596 769 770
447: 379 381 383 385 387 322 436 438 771 772
448: 379 381 383 385 549 322 374 500 502 773 775 777 779
449: 379 381 383 418 497 322 374 723 725 781 782
----------------------------------------

【xmg】
550: 355 365 367 369 371 520 521 870 334 871 873
549: 376 422 424 365 379 380 399 483 867 868 869
548: 345 365 367 369 394 351 352 388 477 528 865 866
547: 338 361 440 543 329 325 342 344 409 863 864
546: 345 365 367 369 394 322 376 575 860 862
545: 338 334 510 531 325 342 344 355 421 858 859
544: 325 342 344 345 347 376 351 386 481 855 857
543: 325 342 344 399 413 338 351 352 459 852 853 854
542: 325 342 344 355 421 361 362 376 691 849 850 851
541: 325 326 328 345 494 361 362 376 691 846 847 848
540: 325 326 328 355 357 376 422 424 843 844 845
539: 388 422 446 365 367 369 399 437 841 842
538: 325 326 328 345 494 376 422 424 839 840
537: 338 361 362 412 355 365 367 369 371 837 838
536: 376 422 424 325 342 344 355 421 835 836
535: 325 326 328 399 400 338 351 386 466 832 833 834
534: 334 336 376 407 345 365 379 380 417 828 830 831
533: 325 342 344 355 421 322 388 404 826 827
532: 338 361 362 412 325 342 344 399 413 823 825
531: 325 342 344 355 421 338 351 352 459 820 821 822
530: 365 367 369 399 437 334 336 388 505 817 818 819
529: 338 351 352 459 365 367 369 399 437 815 816
528: 329 365 379 380 382 452 450 451 453 455 813 814
527: 351 386 388 390 345 365 379 380 417 810 812
526: 361 362 388 566 329 365 367 369 469 808 809
525: 351 352 376 378 329 325 342 344 409 805 807
524: 325 326 328 329 330 338 361 362 412 802 804
523: 325 326 328 355 357 351 386 388 390 391 801
522: 329 365 379 380 382 338 334 510 531 798 799 800
521: 325 326 328 355 357 351 352 376 378 795 797
520: 329 365 367 369 469 323 361 362 364 793 794
519: 355 365 367 369 371 323 334 510 511 790 792
518: 351 352 376 378 365 367 369 399 437 787 788 789
517: 388 334 510 561 325 326 328 355 357 785 786
516: 322 388 404 325 342 344 355 421 745 783 784
515: 338 334 510 531 325 342 344 355 421 781 782
514: 329 365 379 380 382 388 361 440 441 778 779 780
513: 329 365 379 380 382 323 334 510 511 775 776 777
512: 345 365 379 380 417 361 362 376 691 772 773 774
511: 325 326 328 355 357 351 386 388 390 391 771
510: 329 365 379 380 382 361 362 388 566 768 769 770
509: 325 326 328 345 494 388 334 510 561 765 766 767
508: 323 351 352 353 325 342 344 345 347 763 764
507: 355 365 379 380 431 338 361 440 543 760 762
506: 334 336 388 505 325 342 344 345 347 758 759
505: 365 379 380 399 483 322 376 575 755 756 757
504: 322 388 404 355 365 379 380 431 752 754
503: 322 376 575 325 342 344 345 347 750 751
502: 322 376 575 355 365 379 380 431 748 749
501: 322 388 404 325 342 344 355 421 745 746 747
500: 338 361 440 543 325 326 328 329 330 743 744
499: 345 365 379 380 417 322 376 575 740 742
498: 323 334 510 511 325 342 344 345 347 738 739
497: 325 342 344 355 421 361 362 388 566 735 736 737
496: 325 326 328 399 400 338 361 440 543 732 733 734
495: 325 342 344 345 347 323 334 510 511 729 730 731
494: 329 325 342 344 409 323 334 510 511 726 727 728
493: 338 361 362 412 325 326 328 399 400 724 725
492: 325 342 344 355 421 376 422 424 426 722 723
491: 329 365 379 380 382 323 334 510 511 719 721
490: 325 326 328 355 357 351 386 388 390 391 718
489: 329 365 367 369 469 338 351 386 466 716 717
488: 355 365 379 380 431 376 422 424 714 715
487: 323 334 510 511 325 342 344 345 347 712 713
486: 355 365 379 380 431 361 362 376 691 709 710 711
485: 322 376 575 325 342 344 355 421 707 708
484: 351 386 388 390 345 365 367 369 394 704 705 706
483: 329 325 342 344 409 338 351 386 466 701 703
482: 329 365 367 369 469 323 361 440 569 698 700
481: 325 326 328 355 357 351 352 388 477 695 696 697
480: 325 342 344 355 421 361 362 376 691 692 694
479: 361 362 376 691
478: 325 326 328 329 330 334 336 388 505 688 689 690
477: 365 367 369 399 437 351 386 388 390 686 687
476: 365 367 369 399 437 334 336 376 407 684 685
475: 322 323 324 329 365 379 380 382 681 682 683
474: 351 352 376 378 325 326 328 329 330 464 680
473: 376 422 424 355 365 367 369 371 678 679
472: 365 367 369 399 437 351 386 388 390 676 677
471: 365 367 369 399 437 670 450 451 672 673 674 675
470: 365 367 369 399 437 670 450 451 672 673
469: 322 388 404 345 365 379 380 417 667 668 669
468: 338 351 386 466 325 326 328 329 330 665 666
467: 325 326 328 355 357 388 422 446 662 663 664
466: 376 422 424 329 365 367 369 469 659 660 661
465: 325 342 344 345 347 388 334 510 561 656 657 658
464: 365 379 380 399 483 338 334 510 531 638 654 655
463: 338 422 516 325 326 328 329 330 652 653
462: 325 326 328 329 330 351 386 388 390 649 651
461: 325 342 344 355 421 351 386 388 390 647 648
460: 325 342 344 355 421 376 351 386 481 644 645 646
459: 325 326 328 345 494 322 376 575 641 643
458: 365 379 380 399 483 338 334 510 531 638 639 640
457: 355 365 367 369 371 322 338 398 635 636 637
456: 338 361 440 543 365 379 380 399 483 633 634
455: 355 365 367 369 371 351 386 388 390 630 632
454: 322 323 324 325 326 328 355 357 627 628 629
453: 388 422 446 365 379 380 399 483 624 626
452: 325 326 328 355 357 338 351 352 459 621 623
451: 329 365 379 380 382 323 361 440 569 618 620
450: 365 367 369 399 437 338 351 386 466 615 616 617
381: 338 351 352 459
380: 345 365 379 380 417 322 338 398 457 458
379: 329 365 379 380 382 452 450 451 453 455 456
378: 329 365 379 380 382 452 450 451 453 455
337: 450 451
377: 329 325 342 344 409 388 422 446 447 448 449
376: 388 422 446
375: 365 367 369 399 437 388 361 440 441 443 444 445
374: 388 361 440 441
373: 365 367 369 399 437 323 334 336 436 438 439
371: 365 367 369 399 437
372: 323 334 336 436
370: 322 388 404 355 365 379 380 431 433 434 435
369: 355 365 379 380 431
368: 376 422 424 325 342 344 345 347 429 430
367: 325 342 344 355 421 376 422 424 426 427 428
366: 376 422 424
365: 325 342 344 355 421
364: 351 386 388 390 345 365 379 380 417 418 420
363: 345 365 379 380 417
362: 338 361 362 412 325 342 344 399 413 414 415 416
361: 325 342 344 399 413
360: 338 361 362 412
359: 329 325 342 344 409 334 336 376 407 410 411
357: 329 325 342 344 409
358: 334 336 376 407
356: 322 388 404 325 326 328 329 330 405 406
355: 322 388 404
354: 322 338 398 325 326 328 399 400 401 403
335: 323 351 352 353 325 326 328 355 357 358 360
334: 325 326 328 355 357
333: 323 351 352 353
332: 351
331: 334 336 338 340 325 342 344 345 347 348 349 350
330: 325 342 344 345 347
329: 325 342 344
328: 334 336 338 340
327: 334
326: 322 323 324 325 326 328 329 330 331 332 333
325: 325 326 328 329 330
324: 325 326 328
353: 325 326 328 399 400
382: 345 365 367 369 394 338 351 352 459 461 462 463
323: 322 323 324
352: 322 338 398
336: 361
338: 323 361 362 364
339: 365 367 369
340: 355 365 367 369 371
341: 323 361 362 364 355 365 367 369 371 373 374 375
343: 351 352 376 378
344: 365 379 380
345: 329 365 379 380 382
346: 351 352 376 378 329 365 379 380 382 383 385
347: 351 386 388 390
348: 325 326 328 355 357 351 386 388 390 391
349: 325 326 328 355 357 351 386 388 390 391 392 393
350: 345 365 367 369 394
351: 322 323 324 345 365 367 369 394 395 396 397
383: 323 351 352 353 325 326 328 329 330 464 465
384: 338 351 386 466
385: 338 351 386 466 355 365 367 369 371 467 468
386: 329 365 367 369 469
387: 323 351 352 353 329 365 367 369 469 470
388: 323 351 352 353 329 365 367 369 469 470 471 472
389: 325 326 328 355 357 351 386 388 390 391 473
390: 325 326 328 399 400 376 422 424 474 475 476
391: 351 352 388 477
392: 329 365 367 369 469 351 352 388 477 478 479 480
393: 376 351 386 481
394: 365 379 380 399 483
395: 376 351 386 481 365 379 380 399 483 484 485 486
396: 323 351 352 353 329 365 367 369 469 470 487 488
397: 322 338 398 325 342 344 355 421 489 491
398: 365 379 380 399 483 323 334 336 436 492 493
399: 325 326 328 345 494
400: 325 326 328 345 494 322 338 398 495 496
401: 329 365 379 380 382 452 450 451 453 455 497
402: 355 365 379 380 431 322 338 398 498 499
403: 351 352 376 378 325 342 344 355 421 500 502
404: 351 352 376 378 355 365 367 369 371 503 504
405: 334 336 388 505
406: 325 326 328 399 400 334 336 388 505 507 508 509
407: 323 334 510 511
408: 325 342 344 399 413 323 334 510 511 513 514 515
409: 338 422 516
410: 325 342 344 345 347 338 422 516 517 518 519
342: 520 521
411: 329 365 367 369 469 522 520 521 523 525
412: 329 365 367 369 469 522 520 521 523 525 526 527
413: 345 365 367 369 394 351 352 388 477 528
414: 345 365 367 369 394 351 352 388 477 528 529 530
415: 338 334 510 531
416: 325 342 344 399 413 338 334 510 531 533 534 535
417: 323 334 510 511 325 326 328 329 330 536 537
418: 329 365 367 369 469 388 361 440 441 538 539
419: 355 365 379 380 431 338 422 516 540 541 542
420: 338 361 440 543
421: 365 367 369 399 437 338 361 440 543 545 546 547
422: 325 326 328 345 494 334 336 376 407 548 549
423: 334 336 338 340 355 365 367 369 371 550 551 552
424: 345 365 367 369 394 323 334 510 511 553 554 555
425: 345 365 367 369 394 322 323 324 556 557
426: 325 326 328 399 400 334 336 376 407 558 559 560
427: 388 334 510 561
428: 325 326 328 345 494 388 334 510 561 563 565
429: 361 362 388 566
430: 361 362 388 566 345 365 379 380 417 567 568
431: 323 361 440 569
432: 323 361 440 569 329 325 342 344 409 571 572
433: 376 351 386 481 325 326 328 355 357 573 574
434: 322 376 575
435: 322 376 575 365 367 369 399 437 576 577
436: 355 365 367 369 371 323 334 336 436 578 580
437: 334 336 388 505 329 365 367 369 469 581 582
438: 325 342 344 355 421 388 334 510 561 583 585
439: 325 342 344 345 347 338 361 440 543 586 587 588
440: 323 351 352 353 329 365 367 369 469 470 589 590
441: 338 422 516 325 342 344 399 413 591 592
442: 365 379 380 399 483 323 334 510 511 593 594 595
443: 345 365 379 380 417 376 351 386 481 596 598
444: 355 365 379 380 431 361 362 388 566 599 601
445: 334 336 376 407 355 365 367 369 371 602 603
446: 334 336 338 340 325 326 328 345 494 605 607
447: 322 388 404 355 365 367 369 371 608 609
448: 388 361 440 441 329 365 367 369 469 610 611 612
449: 323 361 440 569 365 367 369 399 437 613 614
----------------------------------------
