
【aig】
522: 327 328 329 340 353 354 821 364 822 823 372 373 824 377 825 826 322 323 324 827 341 342 828 829 343 830 368 831 832 833 834 835 331 332 333 836 337 837 838 358 360 839 359 840 841 347 348 842 349 843 844 845 335 846 847 848 849 850 851 852 853
521: 331 332 333 836 337 837 838 322 358 360 839 359 840 841 347 348 842 349 843 844 327 328 329 845 335 846 847 848 849 850
518: 327 328 329 845 335 846 847
517: 331 347 348 842 349 843 844
520: 322 358 360 839 359 840 841
519: 331 332 333 836 337 837 838
516: 340 353 354 821 364 822 823 327 372 373 824 377 825 826 322 323 324 827 341 342 828 829 343 830 368 831 832 833 834 835
513: 340 341 343 830 322 323 368 831 832
512: 322 323 324 827 340 341 342 828 829
515: 327 372 373 824 377 825 826
514: 340 353 354 821 364 822 823
511: 340 341 343 785 342 786 787 322 323 324 788 368 789 790 327 328 335 353 364 791 792 793 331 332 333 794 358 359 795 796 347 349 797 354 798 799 348 800 372 377 801 802 803 373 804 805 329 806 360 807 808 809 810 811 337 812 813 814 815 816 817 818 819 820
510: 340 341 343 785 342 786 787 322 323 324 788 368 789 790 327 328 335 353 364 791 792 793 331 332 333 794 358 359 795 796 347 349 797 354 798 799 348 800 372 377 801 802 803 373 804 805 329 806 360 807 808 809 810 811 337 812 813 814 815 816 817
509: 331 332 333 794 322 358 359 795 796 347 349 797 340 353 354 798 799 348 800 327 372 377 801 802 328 335 803 373 804 805 329 806 360 807 808 809 810 811 337 812 813 814
508: 331 347 349 797 340 353 354 798 799 348 800 327 372 377 801 802 328 335 803 373 804 805 329 806 322 358 360 807 808 809 810 811
505: 327 328 329 806 322 358 360 807 808
504: 327 328 335 803 372 373 804 805
507: 331 347 348 800 327 372 377 801 802
506: 331 347 349 797 340 353 354 798 799
503: 331 332 333 794 322 358 359 795 796
502: 327 328 335 340 353 364 791 792 793
501: 322 323 324 788 368 789 790
500: 340 341 343 785 342 786 787
499: 322 323 368 784
498: 327 328 335 783
497: 322 358 359 327 328 329 750 335 751 752 331 347 348 753 349 754 755 340 341 342 756 372 377 757 758 343 759 373 760 761 762 763 764 360 765 766 767 353 354 768 364 769 770 323 324 771 368 772 773 332 333 774 337 775 776 777 778 779 780 781 782
496: 322 358 360 765 359 766 767 340 353 354 768 364 769 770 323 324 771 368 772 773 331 332 333 774 337 775 776 777 778 779
493: 331 332 333 774 337 775 776
492: 322 323 324 771 368 772 773
495: 340 353 354 768 364 769 770
494: 322 358 360 765 359 766 767
491: 327 328 329 750 335 751 752 331 347 348 753 349 754 755 340 341 342 756 372 377 757 758 343 759 373 760 761 762 763 764
488: 340 341 343 759 327 372 373 760 761
487: 340 341 342 756 327 372 377 757 758
490: 331 347 348 753 349 754 755
489: 327 328 329 750 335 751 752
486: 340 353 354 749
485: 331 332 337 338 748
484: 322 323 368 747
483: 322 323 324 746
482: 327 372 373 710 377 711 712 322 323 324 713 368 714 715 340 353 354 328 335 716 717 718 331 347 349 719 358 360 720 721 329 722 332 333 723 724 337 725 341 343 726 727 342 728 364 729 730 731 359 732 733 734 735 736 348 737 738 739 740 741 742 743 744 745
481: 327 372 373 710 377 711 712 322 323 324 713 368 714 715 340 353 354 328 335 716 717 718 331 347 349 719 358 360 720 721 329 722 332 333 723 724 337 725 341 343 726 727 342 728 364 729 730 731 359 732 733 734 735 736 348 737 738 739 740 741 742
480: 331 347 349 719 322 358 360 720 721 327 328 329 722 332 333 723 724 337 725 340 341 343 726 727 342 728 353 364 729 730 354 731 359 732 733 734 735 736 348 737 738 739
479: 327 328 329 722 331 332 333 723 724 337 725 340 341 343 726 727 342 728 353 364 729 730 354 731 322 358 359 732 733 734 735 736
476: 340 353 354 731 322 358 359 732 733
475: 340 341 342 728 353 364 729 730
478: 331 332 337 725 340 341 343 726 727
477: 327 328 329 722 331 332 333 723 724
474: 331 347 349 719 322 358 360 720 721
473: 340 353 354 327 328 335 716 717 718
472: 322 323 324 713 368 714 715
471: 327 372 373 710 377 711 712
470: 322 358 360 709
469: 322 323 368 327 372 373 676 377 677 678 331 347 348 679 349 680 681 328 329 682 340 341 342 683 684 335 685 343 686 687 688 689 690 358 360 691 359 692 693 353 354 694 364 695 696 324 697 698 699 332 333 700 337 701 702 703 704 705 706 707 708
468: 322 358 360 691 359 692 693 340 353 354 694 364 695 696 323 324 697 368 698 699 331 332 333 700 337 701 702 703 704 705
465: 331 332 333 700 337 701 702
464: 322 323 324 697 368 698 699
467: 340 353 354 694 364 695 696
466: 322 358 360 691 359 692 693
463: 327 372 373 676 377 677 678 331 347 348 679 349 680 681 328 329 682 340 341 342 683 684 335 685 343 686 687 688 689 690
460: 327 328 335 685 340 341 343 686 687
459: 327 328 329 682 340 341 342 683 684
462: 331 347 348 679 349 680 681
461: 327 372 373 676 377 677 678
458: 327 372 373 640 377 641 642 322 358 360 643 359 644 645 328 329 646 335 647 648 323 324 649 331 332 337 650 651 347 349 652 653 654 348 655 340 353 364 656 657 341 343 658 354 659 660 342 661 368 662 663 664 665 666 333 667 668 669 670 671 672 673 674 675
457: 327 372 373 640 377 641 642 322 358 360 643 359 644 645 328 329 646 335 647 648 323 324 649 331 332 337 650 651 347 349 652 653 654 348 655 340 353 364 656 657 341 343 658 354 659 660 342 661 368 662 663 664 665 666 333 667 668 669 670 671 672
456: 322 323 324 649 331 332 337 650 651 327 372 377 347 349 652 653 654 348 655 340 353 364 656 657 341 343 658 354 659 660 342 661 368 662 663 664 665 666 333 667 668 669
455: 327 372 377 331 347 349 652 653 654 348 655 340 353 364 656 657 341 343 658 354 659 660 342 661 322 323 368 662 663 664 665 666
452: 340 341 342 661 322 323 368 662 663
451: 340 341 343 658 353 354 659 660
454: 331 347 348 655 340 353 364 656 657
453: 327 372 377 331 347 349 652 653 654
450: 322 323 324 649 331 332 337 650 651
381: 322 323 368 324 435 436 437 327 372 373 438 377 439 440 331 332 337 441 358 360 442 443 333 444 359 445 446 447 448 449 340 341 343 450 342 451 452 347 348 453 349 454 455 353 354 456 364 457 458 328 329 459 335 460 461 462 463 464 465 466 467
380: 340 341 343 450 342 451 452 331 347 348 453 349 454 455 353 354 456 364 457 458 327 328 329 459 335 460 461 462 463 464
377: 327 328 329 459 335 460 461
376: 340 353 354 456 364 457 458
379: 331 347 348 453 349 454 455
378: 340 341 343 450 342 451 452
375: 322 323 324 435 368 436 437 327 372 373 438 377 439 440 331 332 337 441 358 360 442 443 333 444 359 445 446 447 448 449
372: 331 332 333 444 322 358 359 445 446
371: 331 332 337 441 322 358 360 442 443
374: 327 372 373 438 377 439 440
373: 322 323 324 435 368 436 437
370: 340 341 343 433 434
369: 340 353 354 432
368: 327 372 373 396 377 397 398 331 347 348 399 349 400 401 322 358 360 328 329 402 403 404 323 324 405 332 337 406 407 335 408 409 410 340 341 342 411 359 412 413 343 414 353 364 415 416 333 417 354 418 419 420 421 422 368 423 424 425 426 427 428 429 430 431
367: 327 372 373 396 377 397 398 331 347 348 399 349 400 401 322 358 360 328 329 402 403 404 323 324 405 332 337 406 407 335 408 409 410 340 341 342 411 359 412 413 343 414 353 364 415 416 333 417 354 418 419 420 421 422 368 423 424 425 426 427 428
366: 322 323 324 405 331 332 337 406 407 327 328 335 408 358 360 409 410 340 341 342 411 359 412 413 343 414 353 364 415 416 333 417 354 418 419 420 421 422 368 423 424 425
365: 327 328 335 408 322 358 360 409 410 340 341 342 411 359 412 413 343 414 353 364 415 416 331 332 333 417 354 418 419 420 421 422
362: 331 332 333 417 340 353 354 418 419
361: 340 341 343 414 353 364 415 416
364: 340 341 342 411 322 358 359 412 413
363: 327 328 335 408 322 358 360 409 410
360: 322 323 324 405 331 332 337 406 407
359: 322 358 360 327 328 329 402 403 404
358: 331 347 348 399 349 400 401
357: 327 372 373 396 377 397 398
356: 340 353 354 393 364 394 395
355: 340 341 343 344 342 345 346 331 347 348 350 349 351 352 353 354 355 356 357 332 337 361 322 358 360 362 363 323 324 365 364 366 367 327 328 329 369 368 370 371 335 374 372 373 375 376 333 378 377 379 380 381 382 383 359 384 385 386 387 388 389 390 391 392
354: 340 341 343 344 342 345 346 331 347 348 350 349 351 352 353 354 355 356 357 332 337 361 322 358 360 362 363 323 324 365 364 366 367 327 328 329 369 368 370 371 335 374 372 373 375 376 333 378 377 379 380 381 382 383 359 384 385 386 387 388 389
353: 331 332 337 361 322 358 360 362 363 323 324 365 340 353 364 366 367 327 328 329 369 368 370 371 335 374 372 373 375 376 333 378 377 379 380 381 382 383 359 384 385 386
352: 322 323 324 365 340 353 364 366 367 327 328 329 369 368 370 371 335 374 372 373 375 376 331 332 333 378 377 379 380 381 382 383
335: 340 341 343 344 342 345 346
333: 340 341 343
334: 340 341 342
332: 331 332 337 338 339
331: 331 332 337
330: 327 328 335 336
329: 327 328 335
328: 331 332 333 334
327: 331 332 333
326: 327 328 329 330
325: 327 328 329
324: 322 323 324 325 326
323: 322 323 324
336: 331 347 348
337: 331 347 349
338: 331 347 348 350 349 351 352
339: 340 353 354
340: 340 341 342 353 354 355 356 357
341: 322 358 359
342: 322 358 360
343: 331 332 337 361 322 358 360 362 363
348: 340 353 364
349: 322 323 324 365 340 353 364 366 367
350: 322 323 368
351: 327 328 329 369 322 323 368 370 371
344: 327 372 373
345: 327 328 335 374 372 373 375 376
346: 327 372 377
347: 331 332 333 378 327 372 377 379 380
382: 327 372 373 468 469
383: 327 328 335 470 340 341 342 471 472
384: 331 347 349 473 340 353 354 474 475
385: 327 372 373 468 469 328 335 470 340 341 342 471 472 331 347 349 473 353 354 474 475 476 477
386: 327 328 329 478
388: 331 332 337 479 340 341 343 480 481
389: 331 347 348 482 340 353 364 483 484
387: 331 332 333 485 327 372 377 486 487
390: 327 328 329 478 331 332 337 479 340 341 343 480 481 347 348 482 353 364 483 484 333 485 372 377 486 487 488 489 490
391: 322 323 324 327 372 373 468 469 328 335 470 340 341 342 471 472 331 347 349 473 353 354 474 475 476 477 329 478 332 337 479 343 480 481 348 482 364 483 484 333 485 377 486 487 488 489 490 491 492 493
392: 322 358 360 429 494
393: 322 323 324 495
394: 322 323 324 368 496 497 498
395: 322 323 324 499 331 332 333 500 501
396: 331 332 337 502 322 358 359 503 504
397: 340 341 343 505 331 347 349 506 507
400: 340 353 364 508 322 358 360 509 510
401: 327 328 335 511 340 353 354 512 513
398: 327 328 329 514 372 377 515 516
399: 331 347 348 517 327 372 373 518 519
402: 340 353 364 508 322 358 360 509 510 327 328 335 511 354 512 513 329 514 372 377 515 516 331 347 348 517 373 518 519 520 521 522
403: 340 341 343 505 331 347 349 506 507 353 364 508 322 358 360 509 510 327 328 335 511 354 512 513 329 514 372 377 515 516 348 517 373 518 519 520 521 522 342 523 524 525
404: 322 323 324 368 496 497 498 499 331 332 333 500 501 337 502 358 359 503 504 340 341 343 505 347 349 506 507 353 364 508 360 509 510 327 328 335 511 354 512 513 329 514 372 377 515 516 348 517 373 518 519 520 521 522 342 523 524 525 526 527 528
405: 322 323 324 368 496 497 498 499 331 332 333 500 501 337 502 358 359 503 504 340 341 343 505 347 349 506 507 353 364 508 360 509 510 327 328 335 511 354 512 513 329 514 372 377 515 516 348 517 373 518 519 520 521 522 342 523 524 525 526 527 528 325 529 530
408: 340 353 354 531 364 532 533
409: 327 328 329 534 335 535 536
406: 340 341 342 537 322 358 360 538 539
407: 340 341 343 540 322 358 359 541 542
410: 340 353 354 531 364 532 533 327 328 329 534 335 535 536 341 342 537 322 358 360 538 539 343 540 359 541 542 543 544 545
413: 331 347 348 546 349 547 548
414: 322 323 324 549 368 550 551
411: 331 332 333 552 337 553 554
412: 327 372 373 555 377 556 557
415: 331 347 348 546 349 547 548 322 323 324 549 368 550 551 332 333 552 337 553 554 327 372 373 555 377 556 557 558 559 560
416: 322 358 360 340 353 354 531 364 532 533 327 328 329 534 335 535 536 341 342 537 538 539 343 540 359 541 542 543 544 545 331 347 348 546 349 547 548 323 324 549 368 550 551 332 333 552 337 553 554 372 373 555 377 556 557 558 559 560 561 562 563
417: 340 341 343 433 564
418: 331 332 337 565
419: 327 372 377 566
420: 322 323 324 325 567
423: 340 341 343 568 342 569 570
424: 327 328 329 571 335 572 573
421: 331 347 348 574 340 353 354 575 576
422: 331 347 349 577 340 353 364 578 579
425: 340 341 343 568 342 569 570 327 328 329 571 335 572 573 331 347 348 574 353 354 575 576 349 577 364 578 579 580 581 582
428: 322 323 324 583 368 584 585
429: 331 332 333 586 337 587 588
426: 322 358 360 589 359 590 591
427: 327 372 373 592 377 593 594
430: 322 323 324 583 368 584 585 331 332 333 586 337 587 588 358 360 589 359 590 591 327 372 373 592 377 593 594 595 596 597
431: 327 372 373 340 341 343 568 342 569 570 328 329 571 335 572 573 331 347 348 574 353 354 575 576 349 577 364 578 579 580 581 582 322 323 324 583 368 584 585 332 333 586 337 587 588 358 360 589 359 590 591 592 377 593 594 595 596 597 598 599 600
432: 331 332 337 338 601
433: 322 323 368 602
434: 340 341 343 331 332 333 603 604 605
435: 331 332 337 606 322 358 359 607 608
436: 331 347 348 609 322 358 360 610 611
437: 322 323 324 612 340 353 354 613 614
440: 340 341 343 615 331 347 349 616 617
441: 327 328 335 618 340 341 342 619 620
438: 327 328 329 621 372 377 622 623
439: 322 323 368 624 327 372 373 625 626
442: 340 341 343 615 331 347 349 616 617 327 328 335 618 342 619 620 329 621 372 377 622 623 322 323 368 624 373 625 626 627 628 629
443: 322 323 324 612 340 353 354 613 614 341 343 615 331 347 349 616 617 327 328 335 618 342 619 620 329 621 372 377 622 623 368 624 373 625 626 627 628 629 364 630 631 632
444: 340 341 343 331 332 333 603 604 605 337 606 322 358 359 607 608 347 348 609 360 610 611 323 324 612 353 354 613 614 615 349 616 617 327 328 335 618 342 619 620 329 621 372 377 622 623 368 624 373 625 626 627 628 629 364 630 631 632 633 634 635
445: 340 341 343 331 332 333 603 604 605 337 606 322 358 359 607 608 347 348 609 360 610 611 323 324 612 353 354 613 614 615 349 616 617 327 328 335 618 342 619 620 329 621 372 377 622 623 368 624 373 625 626 627 628 629 364 630 631 632 633 634 635 433 636 637
446: 331 347 348 638 639
447: 327 372 373 640 377 641 642
448: 322 358 360 643 359 644 645
449: 327 328 329 646 335 647 648
----------------------------------------

【xag】
522: 371 372 373 365 391 407 n817 377 420 n818 n819 434 n820 439 n821 n822 n829 383 392 n823 366 367 n824 n825 395 n826 428 n827 n828 n830 n831 378 386 n832 379 n833 n834 412 n835 411 n836 n837 n844 401 n838 402 n839 n840 n841 384 n842 n843 n845 n846 n847 n848 n849
521: 365 378 386 n832 377 379 n833 n834 366 371 412 n835 383 411 n836 n837 n844 401 n838 402 n839 n840 372 373 n841 384 n842 n843 n845 n846
518: 371 372 373 n841 383 384 n842 n843
517: 378 383 401 n838 371 402 n839 n840
520: 366 371 412 n835 383 411 n836 n837
519: 365 378 386 n832 377 379 n833 n834
516: 365 391 407 n817 377 420 n818 n819 372 434 n820 439 n821 n822 n829 383 392 n823 366 367 n824 n825 371 395 n826 428 n827 n828 n830 n831
513: 371 391 395 n826 366 377 428 n827 n828
512: 383 391 392 n823 365 366 367 n824 n825
515: 365 372 434 n820 377 439 n821 n822
514: 365 391 407 n817 377 420 n818 n819
511: 371 391 395 n781 383 392 n782 n783 365 366 367 n784 377 428 n785 n786 n811 372 384 420 n787 n788 n789 407 n793 378 402 n794 n795 439 n796 401 n797 n798 n805 434 n799 n800 n801 373 n802 412 n803 n804 n806 n807 379 n790 411 n791 n792 386 n808 n809 n810 n812 n813 n814 n815 n816
510: 371 391 395 n781 383 392 n782 n783 365 366 367 n784 377 428 n785 n786 n811 372 384 420 n787 n788 n789 407 n793 378 402 n794 n795 439 n796 401 n797 n798 n805 434 n799 n800 n801 373 n802 412 n803 n804 n806 n807 379 n790 411 n791 n792 386 n808 n809 n810 n812 n813
509: 365 391 407 n793 371 378 402 n794 n795 372 377 439 n796 383 401 n797 n798 n805 434 n799 384 n800 n801 373 n802 366 412 n803 n804 n806 n807 379 n790 411 n791 n792 386 n808 n809 n810
508: 365 391 407 n793 371 378 402 n794 n795 372 377 439 n796 383 401 n797 n798 n805 434 n799 384 n800 n801 373 n802 366 412 n803 n804 n806 n807
505: 371 372 373 n802 366 412 n803 n804
504: 365 372 434 n799 383 384 n800 n801
507: 372 377 439 n796 378 383 401 n797 n798
506: 365 391 407 n793 371 378 402 n794 n795
503: 377 378 379 n790 366 383 411 n791 n792
502: 372 383 384 377 391 420 n787 n788 n789
501: 365 366 367 n784 377 428 n785 n786
500: 371 391 395 n781 383 392 n782 n783
499: 366 377 428 n780
498: 372 383 384 n779
497: 366 383 411 371 372 373 n746 384 n747 n748 378 401 n749 402 n750 n751 n758 391 392 n752 377 439 n753 n754 395 n755 365 434 n756 n757 n759 n760 412 n761 n762 n763 407 n764 420 n765 n766 n773 367 n767 428 n768 n769 386 n770 379 n771 n772 n774 n775 n776 n777 n778
496: 366 371 412 n761 383 411 n762 n763 365 391 407 n764 377 420 n765 n766 n773 367 n767 428 n768 n769 378 386 n770 379 n771 n772 n774 n775
493: 365 378 386 n770 377 379 n771 n772
492: 365 366 367 n767 377 428 n768 n769
495: 365 391 407 n764 377 420 n765 n766
494: 366 371 412 n761 383 411 n762 n763
491: 371 372 373 n746 383 384 n747 n748 378 401 n749 402 n750 n751 n758 391 392 n752 377 439 n753 n754 395 n755 365 434 n756 n757 n759 n760
488: 371 391 395 n755 365 372 434 n756 n757
487: 383 391 392 n752 372 377 439 n753 n754
490: 378 383 401 n749 371 402 n750 n751
489: 371 372 373 n746 383 384 n747 n748
486: 365 391 407 n745
485: 365 378 386 389 n744
484: 366 377 428 n743
483: 365 366 367 n742
482: 365 372 434 n706 377 439 n707 n708 366 367 n709 428 n710 n711 n736 391 407 383 384 n712 n713 n714 371 373 n718 378 379 n719 n720 395 n721 386 n722 n723 n730 392 n724 420 n725 n726 n727 411 n728 n729 n731 n732 412 n715 402 n716 n717 401 n733 n734 n735 n737 n738 n739 n740 n741
481: 365 372 434 n706 377 439 n707 n708 366 367 n709 428 n710 n711 n736 391 407 383 384 n712 n713 n714 371 373 n718 378 379 n719 n720 395 n721 386 n722 n723 n730 392 n724 420 n725 n726 n727 411 n728 n729 n731 n732 412 n715 402 n716 n717 401 n733 n734 n735 n737 n738
480: 371 372 373 n718 377 378 379 n719 n720 391 395 n721 365 386 n722 n723 n730 383 392 n724 420 n725 n726 407 n727 366 411 n728 n729 n731 n732 412 n715 402 n716 n717 401 n733 n734 n735
479: 371 372 373 n718 377 378 379 n719 n720 391 395 n721 365 386 n722 n723 n730 383 392 n724 420 n725 n726 407 n727 366 411 n728 n729 n731 n732
476: 365 391 407 n727 366 383 411 n728 n729
475: 383 391 392 n724 377 420 n725 n726
478: 371 391 395 n721 365 378 386 n722 n723
477: 371 372 373 n718 377 378 379 n719 n720
474: 366 371 412 n715 378 402 n716 n717
473: 365 391 407 372 383 384 n712 n713 n714
472: 365 366 367 n709 377 428 n710 n711
471: 365 372 434 n706 377 439 n707 n708
470: 366 371 412 n705
469: 366 377 428 365 372 434 n672 439 n673 n674 378 383 401 n675 371 402 n676 n677 n684 373 n678 391 392 n679 n680 395 n681 384 n682 n683 n685 n686 412 n687 411 n688 n689 407 n690 420 n691 n692 n699 367 n693 n694 n695 386 n696 379 n697 n698 n700 n701 n702 n703 n704
468: 366 371 412 n687 383 411 n688 n689 365 391 407 n690 377 420 n691 n692 n699 367 n693 428 n694 n695 378 386 n696 379 n697 n698 n700 n701
465: 365 378 386 n696 377 379 n697 n698
464: 365 366 367 n693 377 428 n694 n695
467: 365 391 407 n690 377 420 n691 n692
466: 366 371 412 n687 383 411 n688 n689
463: 365 372 434 n672 377 439 n673 n674 378 383 401 n675 371 402 n676 n677 n684 373 n678 391 392 n679 n680 395 n681 384 n682 n683 n685 n686
460: 371 391 395 n681 372 383 384 n682 n683
459: 371 372 373 n678 383 391 392 n679 n680
462: 378 383 401 n675 371 402 n676 n677
461: 365 372 434 n672 377 439 n673 n674
458: 365 372 434 n636 377 439 n637 n638 366 371 412 n639 383 411 n640 n641 n666 373 n642 384 n643 n644 378 402 n648 n649 n650 401 n651 391 420 n652 n653 n660 395 n654 407 n655 n656 392 n657 428 n658 n659 n661 n662 386 n645 367 n646 n647 379 n663 n664 n665 n667 n668 n669 n670 n671
457: 365 372 434 n636 377 439 n637 n638 366 371 412 n639 383 411 n640 n641 n666 373 n642 384 n643 n644 378 402 n648 n649 n650 401 n651 391 420 n652 n653 n660 395 n654 407 n655 n656 392 n657 428 n658 n659 n661 n662 386 n645 367 n646 n647 379 n663 n664 n665 n667 n668
456: 372 377 439 371 378 402 n648 n649 n650 383 401 n651 391 420 n652 n653 n660 395 n654 365 407 n655 n656 392 n657 366 428 n658 n659 n661 n662 386 n645 367 n646 n647 379 n663 n664 n665
455: 372 377 439 371 378 402 n648 n649 n650 383 401 n651 391 420 n652 n653 n660 395 n654 365 407 n655 n656 392 n657 366 428 n658 n659 n661 n662
452: 383 391 392 n657 366 377 428 n658 n659
451: 371 391 395 n654 365 407 n655 n656
454: 378 383 401 n651 377 391 420 n652 n653
453: 372 377 439 371 378 402 n648 n649 n650
450: 365 378 386 n645 366 367 n646 n647
381: 366 377 428 365 367 529 530 532 372 434 533 439 534 536 547 371 412 537 378 386 538 541 379 542 383 411 543 546 548 549 391 395 550 392 551 554 401 555 402 556 559 569 420 560 407 561 564 373 566 384 567 568 571 572 574 575 576
380: 371 391 395 550 383 392 551 554 378 401 555 402 556 559 569 377 420 560 365 407 561 564 372 373 566 384 567 568 571 572
377: 371 372 373 566 383 384 567 568
376: 377 391 420 560 365 407 561 564
379: 378 383 401 555 371 402 556 559
378: 371 391 395 550 383 392 551 554
375: 365 366 367 529 377 428 530 532 372 434 533 439 534 536 547 371 412 537 378 386 538 541 379 542 383 411 543 546 548 549
372: 377 378 379 542 366 383 411 543 546
371: 366 371 412 537 365 378 386 538 541
374: 365 372 434 533 377 439 534 536
373: 365 366 367 529 377 428 530 532
370: 371 391 395 527 528
369: 365 391 407 526
368: 365 372 434 469 377 439 470 471 378 383 401 472 371 402 473 476 516 366 412 373 479 480 481 488 384 489 490 391 392 493 411 494 495 506 395 498 420 499 500 379 503 407 504 505 507 508 386 483 367 484 485 428 511 512 513 517 518 521 522 523
367: 365 372 434 469 377 439 470 471 378 383 401 472 371 402 473 476 516 366 412 373 479 480 481 488 384 489 490 391 392 493 411 494 495 506 395 498 420 499 500 379 503 407 504 505 507 508 386 483 367 484 485 428 511 512 513 517 518
366: 366 371 412 488 372 383 384 489 490 391 392 493 411 494 495 506 395 498 377 420 499 500 378 379 503 365 407 504 505 507 508 386 483 367 484 485 428 511 512 513
365: 366 371 412 488 372 383 384 489 490 391 392 493 411 494 495 506 395 498 377 420 499 500 378 379 503 365 407 504 505 507 508
362: 377 378 379 503 365 391 407 504 505
361: 371 391 395 498 377 420 499 500
364: 383 391 392 493 366 411 494 495
363: 366 371 412 488 372 383 384 489 490
360: 365 378 386 483 366 367 484 485
359: 366 371 412 372 373 479 480 481
358: 378 383 401 472 371 402 473 476
357: 365 372 434 469 377 439 470 471
356: 365 391 407 465 377 420 466 468
355: 371 391 395 396 383 392 397 398 378 402 403 401 404 405 457 365 407 408 409 410 366 367 423 377 420 424 425 372 373 429 428 430 433 447 434 436 384 437 438 439 442 379 443 444 448 449 386 415 412 418 419 411 452 453 454 458 459 462 463 464
354: 371 391 395 396 383 392 397 398 378 402 403 401 404 405 457 365 407 408 409 410 366 367 423 377 420 424 425 372 373 429 428 430 433 447 434 436 384 437 438 439 442 379 443 444 448 449 386 415 412 418 419 411 452 453 454 458 459
353: 365 366 367 423 377 391 420 424 425 371 372 373 429 428 430 433 447 434 436 383 384 437 438 439 442 378 379 443 444 448 449 386 415 412 418 419 411 452 453 454
352: 365 366 367 423 377 391 420 424 425 371 372 373 429 428 430 433 447 434 436 383 384 437 438 439 442 378 379 443 444 448 449
335: 371 391 395 396 383 392 397 398
333: 371 391 395
334: 383 391 392
332: 365 378 386 389 390
331: 365 378 386
330: 372 383 384 385
329: 372 383 384
328: 377 378 379 380
327: 377 378 379
326: 371 372 373 374
325: 371 372 373
324: 365 366 367 369 370
323: 365 366 367
336: 378 383 401
337: 371 378 402
338: 371 378 402 403 383 401 404 405
339: 365 391 407
340: 383 391 392 365 407 408 409 410
341: 366 383 411
342: 366 371 412
343: 365 378 386 415 366 371 412 418 419
348: 377 391 420
349: 365 366 367 423 377 391 420 424 425
350: 366 377 428
351: 371 372 373 429 366 377 428 430 433
344: 365 372 434
345: 365 372 434 436 383 384 437 438
346: 372 377 439
347: 372 377 439 442 378 379 443 444
382: 365 372 434 578 579
383: 383 391 392 580 372 384 581 584
384: 365 391 407 585 371 378 402 586 589
385: 365 391 407 585 371 378 402 586 589 372 434 578 579 383 392 580 384 581 584 590 591
386: 371 372 373 594
388: 371 391 395 595 365 378 386 596 599
389: 377 391 420 600 378 383 401 601 604
387: 372 377 439 605 378 379 606 609
390: 371 372 373 594 391 395 595 365 378 386 596 599 610 377 420 600 383 401 601 604 439 605 379 606 609 611 614
391: 365 366 367 391 407 585 371 378 402 586 589 372 434 578 579 383 392 580 384 581 584 590 591 373 594 395 595 386 596 599 610 377 420 600 401 601 604 439 605 379 606 609 611 614 615 616 617
392: 366 371 412 521 618
393: 365 366 367 620
394: 365 366 367 377 428 621 622 623
395: 377 378 379 624 365 366 367 627 630
396: 365 378 386 631 366 383 411 632 635
397: 371 391 395 636 378 402 637 640
400: 366 371 412 641 377 391 420 642 645
401: 372 383 384 646 365 391 407 647 650
398: 371 372 373 651 377 439 652 653
399: 378 383 401 654 365 372 434 655 658
402: 366 371 412 641 377 391 420 642 645 372 383 384 646 365 407 647 650 659 373 651 439 652 653 378 401 654 434 655 658 660 663
403: 366 371 412 641 377 391 420 642 645 372 383 384 646 365 407 647 650 659 373 651 439 652 653 378 401 654 434 655 658 660 663 395 636 402 637 640 392 664 665 668
404: 365 366 367 377 428 621 622 623 378 379 624 627 630 669 386 631 383 411 632 635 371 412 641 391 420 642 645 372 384 646 407 647 650 659 373 651 439 652 653 401 654 434 655 658 660 663 395 636 402 637 640 392 664 665 668 670 673
405: 365 366 367 377 428 621 622 623 378 379 624 627 630 669 386 631 383 411 632 635 371 412 641 391 420 642 645 372 384 646 407 647 650 659 373 651 439 652 653 401 654 434 655 658 660 663 395 636 402 637 640 392 664 665 668 670 673 369 674 675
408: 365 391 407 676 377 420 677 679
409: 371 372 373 680 383 384 682 683
406: 366 371 412 684 383 391 392 686 687
407: 371 391 395 688 366 383 411 691 692
410: 365 391 407 676 377 420 677 679 371 372 373 680 383 384 682 683 693 366 412 684 392 686 687 395 688 411 691 692 696 697
413: 378 383 401 698 371 402 701 702
414: 365 366 367 703 377 428 706 707
411: 365 378 386 708 377 379 709 710
412: 365 372 434 711 377 439 714 715
415: 378 383 401 698 371 402 701 702 365 366 367 703 377 428 706 707 716 386 708 379 709 710 372 434 711 439 714 715 719 720
416: 366 371 412 365 391 407 676 377 420 677 679 372 373 680 383 384 682 683 693 684 392 686 687 395 688 411 691 692 696 697 378 401 698 402 701 702 367 703 428 706 707 716 386 708 379 709 710 434 711 439 714 715 719 720 721 724 725
417: 371 391 395 527 726
418: 365 378 386 729
419: 372 377 439 730
420: 365 366 367 369 731
423: 371 391 395 732 383 392 733 735
424: 371 372 373 n567 383 384 n568 n569
421: 365 391 407 n570 378 383 401 n571 n572
422: 371 378 402 n573 377 391 420 n574 n575
425: 371 391 395 732 383 392 733 735 372 373 n567 384 n568 n569 n576 365 407 n570 378 401 n571 n572 402 n573 377 420 n574 n575 n577 n578
428: 365 366 367 n579 377 428 n580 n581
429: 365 378 386 n582 377 379 n583 n584
426: 366 371 412 n585 383 411 n586 n587
427: 365 372 434 n588 377 439 n589 n590
430: 365 366 367 n579 377 428 n580 n581 378 386 n582 379 n583 n584 n591 371 412 n585 383 411 n586 n587 372 434 n588 439 n589 n590 n592 n593
431: 365 372 434 371 391 395 732 383 392 733 735 373 n567 384 n568 n569 n576 407 n570 378 401 n571 n572 402 n573 377 420 n574 n575 n577 n578 366 367 n579 428 n580 n581 386 n582 379 n583 n584 n591 412 n585 411 n586 n587 n588 439 n589 n590 n592 n593 n594 n595 n596
432: 365 378 386 389 n597
433: 366 377 428 n598
434: 371 391 395 377 378 379 n599 n600 n601
435: 365 378 386 n602 366 383 411 n603 n604
436: 378 383 401 n605 366 371 412 n606 n607
437: 365 366 367 n608 391 407 n609 n610
440: 371 391 395 n611 378 402 n612 n613
441: 383 391 392 n614 372 384 n615 n616
438: 371 372 373 n617 377 439 n618 n619
439: 365 372 434 n620 366 377 428 n621 n622
442: 371 391 395 n611 378 402 n612 n613 383 392 n614 372 384 n615 n616 n623 373 n617 377 439 n618 n619 365 434 n620 366 428 n621 n622 n624 n625
443: 371 391 395 n611 378 402 n612 n613 383 392 n614 372 384 n615 n616 n623 373 n617 377 439 n618 n619 365 434 n620 366 428 n621 n622 n624 n625 367 n608 407 n609 n610 420 n626 n627 n628
444: 371 391 395 377 378 379 n599 n600 n601 365 386 n602 366 383 411 n603 n604 n629 401 n605 412 n606 n607 n611 402 n612 n613 392 n614 372 384 n615 n616 n623 373 n617 439 n618 n619 434 n620 428 n621 n622 n624 n625 367 n608 407 n609 n610 420 n626 n627 n628 n630 n631
445: 371 391 395 377 378 379 n599 n600 n601 365 386 n602 366 383 411 n603 n604 n629 401 n605 412 n606 n607 n611 402 n612 n613 392 n614 372 384 n615 n616 n623 373 n617 439 n618 n619 434 n620 428 n621 n622 n624 n625 367 n608 407 n609 n610 420 n626 n627 n628 n630 n631 527 n632 n633
446: 378 383 401 n634 n635
447: 365 372 434 n636 377 439 n637 n638
448: 366 371 412 n639 383 411 n640 n641
449: 371 372 373 n642 383 384 n643 n644
----------------------------------------

【mig】
522: 370 372 373 n856 376 434 435 363 411 413 n826 n827 n828 454 456 448 449 n829 n830 n831 n838 365 366 382 393 394 n832 n833 n834 441 442 395 396 n835 n836 n837 n839 n840 377 379 387 389 n841 n842 n843 420 422 424 426 n844 n845 n846 n853 404 406 402 403 n847 n848 n849 383 384 n850 n851 n852 n854 n855 n857 n858
521: 376 377 379 363 387 389 n841 n842 n843 382 420 422 370 424 426 n844 n845 n846 n853 404 406 402 403 n847 n848 n849 383 384 372 373 n850 n851 n852 n854 n855
518: 382 383 384 370 372 373 n850 n851 n852
517: 370 404 406 382 402 403 n847 n848 n849
520: 382 420 422 370 424 426 n844 n845 n846
519: 376 377 379 363 387 389 n841 n842 n843
516: 376 434 435 363 411 413 n826 n827 n828 454 456 448 449 n829 n830 n831 n838 365 366 382 393 394 n832 n833 n834 441 442 370 395 396 n835 n836 n837 n839 n840
513: 376 441 442 370 395 396 n835 n836 n837
512: 363 365 366 382 393 394 n832 n833 n834
515: 376 454 456 363 448 449 n829 n830 n831
514: 376 434 435 363 411 413 n826 n827 n828
511: 382 393 394 370 395 396 n790 n791 n792 376 441 442 363 365 366 n793 n794 n795 n820 383 384 n796 434 435 n797 n798 420 422 377 379 n799 n800 n801 404 406 411 413 n802 n803 n804 402 403 454 456 n805 n806 n807 n814 448 449 n808 n809 n810 424 426 372 373 n811 n812 n813 n815 n816 n817 387 389 n818 n819 n821 n822 n823 n824 n825
510: 382 393 394 370 395 396 n790 n791 n792 376 441 442 363 365 366 n793 n794 n795 n820 383 384 n796 434 435 n797 n798 420 422 377 379 n799 n800 n801 404 406 411 413 n802 n803 n804 402 403 454 456 n805 n806 n807 n814 448 449 n808 n809 n810 424 426 372 373 n811 n812 n813 n815 n816 n817 387 389 n818 n819 n821 n822
509: 382 420 422 376 377 379 n799 n800 n801 370 404 406 363 411 413 n802 n803 n804 402 403 454 456 n805 n806 n807 n814 383 384 448 449 n808 n809 n810 424 426 372 373 n811 n812 n813 n815 n816 n817 387 389 n818 n819
508: 370 404 406 363 411 413 n802 n803 n804 382 402 403 376 454 456 n805 n806 n807 n814 383 384 448 449 n808 n809 n810 424 426 372 373 n811 n812 n813 n815 n816
505: 370 424 426 372 373 n811 n812 n813
504: 382 383 384 363 448 449 n808 n809 n810
507: 382 402 403 376 454 456 n805 n806 n807
506: 370 404 406 363 411 413 n802 n803 n804
503: 382 420 422 376 377 379 n799 n800 n801
502: 382 383 384 n796 376 434 435 n797 n798
501: 376 441 442 363 365 366 n793 n794 n795
500: 382 393 394 370 395 396 n790 n791 n792
499: 376 441 442 n789
498: 382 383 384 n788
497: 382 420 422 n785 383 384 370 372 373 n755 n756 n757 404 406 402 403 n758 n759 n760 n767 376 454 456 393 394 n761 n762 n763 363 448 449 395 396 n764 n765 n766 n768 n769 424 426 n770 n771 n772 434 435 411 413 n773 n774 n775 n782 441 442 365 366 n776 n777 n778 377 379 387 389 n779 n780 n781 n783 n784 n786 n787
496: 382 420 422 370 424 426 n770 n771 n772 376 434 435 363 411 413 n773 n774 n775 n782 441 442 365 366 n776 n777 n778 377 379 387 389 n779 n780 n781 n783 n784
493: 376 377 379 363 387 389 n779 n780 n781
492: 376 441 442 363 365 366 n776 n777 n778
495: 376 434 435 363 411 413 n773 n774 n775
494: 382 420 422 370 424 426 n770 n771 n772
491: 382 383 384 370 372 373 n755 n756 n757 404 406 402 403 n758 n759 n760 n767 376 454 456 393 394 n761 n762 n763 363 448 449 395 396 n764 n765 n766 n768 n769
488: 363 448 449 370 395 396 n764 n765 n766
487: 376 454 456 382 393 394 n761 n762 n763
490: 370 404 406 382 402 403 n758 n759 n760
489: 382 383 384 370 372 373 n755 n756 n757
486: 363 411 413 n754
485: 363 387 389 390 n753
484: 376 441 442 n752
483: 363 365 366 n751
482: 376 454 456 363 448 449 n715 n716 n717 441 442 365 366 n718 n719 n720 n745 411 413 n721 382 383 384 n722 n723 370 404 406 424 426 n724 n725 n726 377 379 372 373 n727 n728 n729 387 389 395 396 n730 n731 n732 n739 434 435 393 394 n733 n734 n735 420 422 n736 n737 n738 n740 n741 n742 402 403 n743 n744 n746 n747 n748 n749 n750
481: 376 454 456 363 448 449 n715 n716 n717 441 442 365 366 n718 n719 n720 n745 411 413 n721 382 383 384 n722 n723 370 404 406 424 426 n724 n725 n726 377 379 372 373 n727 n728 n729 387 389 395 396 n730 n731 n732 n739 434 435 393 394 n733 n734 n735 420 422 n736 n737 n738 n740 n741 n742 402 403 n743 n744 n746 n747
480: 370 404 406 424 426 n724 n725 n726 376 377 379 372 373 n727 n728 n729 363 387 389 395 396 n730 n731 n732 n739 434 435 382 393 394 n733 n734 n735 420 422 411 413 n736 n737 n738 n740 n741 n742 402 403 n743 n744
479: 376 377 379 370 372 373 n727 n728 n729 363 387 389 395 396 n730 n731 n732 n739 434 435 382 393 394 n733 n734 n735 420 422 411 413 n736 n737 n738 n740 n741
476: 382 420 422 363 411 413 n736 n737 n738
475: 376 434 435 382 393 394 n733 n734 n735
478: 363 387 389 370 395 396 n730 n731 n732
477: 376 377 379 370 372 373 n727 n728 n729
474: 370 404 406 424 426 n724 n725 n726
473: 363 411 413 n721 382 383 384 n722 n723
472: 376 441 442 363 365 366 n718 n719 n720
471: 376 454 456 363 448 449 n715 n716 n717
470: 370 424 426 n714
469: 376 441 442 584 454 456 363 448 449 n682 n683 n684 370 404 406 382 402 403 n685 n686 n687 n694 393 394 372 373 n688 n689 n690 383 384 395 396 n691 n692 n693 n695 n696 420 422 424 426 n697 n698 n699 434 435 411 413 n700 n701 n702 n709 365 366 n703 n704 n705 377 379 387 389 n706 n707 n708 n710 n711 n712 n713
468: 382 420 422 370 424 426 n697 n698 n699 376 434 435 363 411 413 n700 n701 n702 n709 441 442 365 366 n703 n704 n705 377 379 387 389 n706 n707 n708 n710 n711
465: 376 377 379 363 387 389 n706 n707 n708
464: 376 441 442 363 365 366 n703 n704 n705
467: 376 434 435 363 411 413 n700 n701 n702
466: 382 420 422 370 424 426 n697 n698 n699
463: 376 454 456 363 448 449 n682 n683 n684 370 404 406 382 402 403 n685 n686 n687 n694 393 394 372 373 n688 n689 n690 383 384 395 396 n691 n692 n693 n695 n696
460: 382 383 384 370 395 396 n691 n692 n693
459: 382 393 394 370 372 373 n688 n689 n690
462: 370 404 406 382 402 403 n685 n686 n687
461: 376 454 456 363 448 449 n682 n683 n684
458: 376 454 456 363 448 449 n646 n647 n648 382 420 422 370 424 426 n649 n650 n651 n676 383 384 372 373 n652 n653 n654 365 366 387 389 n655 n656 n657 n658 404 406 n659 n660 434 435 402 403 n661 n662 n663 n670 411 413 395 396 n664 n665 n666 441 442 393 394 n667 n668 n669 n671 n672 n673 377 379 n674 n675 n677 n678 n679 n680 n681
457: 376 454 456 363 448 449 n646 n647 n648 382 420 422 370 424 426 n649 n650 n651 n676 383 384 372 373 n652 n653 n654 365 366 387 389 n655 n656 n657 n658 404 406 n659 n660 434 435 402 403 n661 n662 n663 n670 411 413 395 396 n664 n665 n666 441 442 393 394 n667 n668 n669 n671 n672 n673 377 379 n674 n675 n677 n678
456: 363 365 366 387 389 n655 n656 n657 376 454 456 n658 370 404 406 n659 n660 434 435 382 402 403 n661 n662 n663 n670 411 413 395 396 n664 n665 n666 441 442 393 394 n667 n668 n669 n671 n672 n673 377 379 n674 n675
455: 376 454 456 n658 370 404 406 n659 n660 434 435 382 402 403 n661 n662 n663 n670 363 411 413 395 396 n664 n665 n666 441 442 393 394 n667 n668 n669 n671 n672
452: 376 441 442 382 393 394 n667 n668 n669
451: 363 411 413 370 395 396 n664 n665 n666
454: 376 434 435 382 402 403 n661 n662 n663
453: 376 454 456 n658 370 404 406 n659 n660
450: 363 365 366 387 389 n655 n656 n657
381: 376 441 442 584 363 365 366 544 545 546 454 456 448 449 547 548 549 559 387 389 370 424 426 550 552 553 382 420 422 377 379 554 556 557 560 561 393 394 395 396 562 564 565 404 406 402 403 566 568 569 581 411 413 434 435 570 572 573 383 384 372 373 575 577 579 582 583 586 587
380: 382 393 394 370 395 396 562 564 565 404 406 402 403 566 568 569 581 363 411 413 376 434 435 570 572 573 383 384 372 373 575 577 579 582 583
377: 382 383 384 370 372 373 575 577 579
376: 363 411 413 376 434 435 570 572 573
379: 370 404 406 382 402 403 566 568 569
378: 382 393 394 370 395 396 562 564 565
375: 376 441 442 363 365 366 544 545 546 454 456 448 449 547 548 549 559 387 389 370 424 426 550 552 553 382 420 422 377 379 554 556 557 560 561
372: 382 420 422 376 377 379 554 556 557
371: 363 387 389 370 424 426 550 552 553
374: 376 454 456 363 448 449 547 548 549
373: 376 441 442 363 365 366 544 545 546
370: 370 395 396 540 542
369: 363 411 413 538
368: 376 454 456 363 448 449 485 487 489 370 404 406 382 402 403 491 493 494 530 424 426 496 372 373 497 498 365 366 387 389 499 500 502 383 384 503 504 506 420 422 393 394 507 508 510 522 434 435 395 396 511 512 514 411 413 377 379 516 518 520 523 525 526 441 442 527 529 531 533 534 535 537
367: 376 454 456 363 448 449 485 487 489 370 404 406 382 402 403 491 493 494 530 424 426 496 372 373 497 498 365 366 387 389 499 500 502 383 384 503 504 506 420 422 393 394 507 508 510 522 434 435 395 396 511 512 514 411 413 377 379 516 518 520 523 525 526 441 442 527 529 531 533
366: 363 365 366 387 389 499 500 502 382 383 384 370 424 426 503 504 506 420 422 393 394 507 508 510 522 376 434 435 395 396 511 512 514 411 413 377 379 516 518 520 523 525 526 441 442 527 529
365: 382 383 384 370 424 426 503 504 506 420 422 393 394 507 508 510 522 376 434 435 395 396 511 512 514 363 411 413 377 379 516 518 520 523 525
362: 363 411 413 376 377 379 516 518 520
361: 376 434 435 370 395 396 511 512 514
364: 382 420 422 393 394 507 508 510
363: 382 383 384 370 424 426 503 504 506
360: 363 365 366 387 389 499 500 502
359: 370 424 426 496 372 373 497 498
358: 370 404 406 382 402 403 491 493 494
357: 376 454 456 363 448 449 485 487 489
356: 376 434 435 363 411 413 480 482 483
355: 382 393 394 370 395 396 397 399 400 402 403 404 406 407 409 410 470 414 363 411 413 416 418 424 426 387 389 428 430 432 376 434 435 365 366 437 438 440 441 442 372 373 444 445 446 461 383 384 448 449 450 452 453 377 379 454 456 457 458 460 462 464 466 420 422 467 469 471 473 474 476 478
354: 382 393 394 370 395 396 397 399 400 402 403 404 406 407 409 410 470 414 363 411 413 416 418 424 426 387 389 428 430 432 376 434 435 365 366 437 438 440 441 442 372 373 444 445 446 461 383 384 448 449 450 452 453 377 379 454 456 457 458 460 462 464 466 420 422 467 469 471 473
353: 370 424 426 363 387 389 428 430 432 376 434 435 365 366 437 438 440 441 442 372 373 444 445 446 461 382 383 384 448 449 450 452 453 377 379 454 456 457 458 460 462 464 466 420 422 467 469
352: 376 434 435 363 365 366 437 438 440 441 442 370 372 373 444 445 446 461 382 383 384 448 449 450 452 453 377 379 454 456 457 458 460 462 464
335: 382 393 394 370 395 396 397 399 400
333: 370 395 396
334: 382 393 394
332: 363 387 389 390 391
331: 363 387 389
330: 382 383 384 386
329: 382 383 384
328: 376 377 379 381
327: 376 377 379
326: 370 372 373 374
325: 370 372 373
324: 363 365 366 367 369
323: 363 365 366
336: 382 402 403
337: 370 404 406
338: 382 402 403 370 404 406 407 409 410
339: 363 411 413
340: 382 393 394 414 363 411 413 416 418
341: 382 420 422
342: 370 424 426
343: 370 424 426 363 387 389 428 430 432
348: 376 434 435
349: 376 434 435 363 365 366 437 438 440
350: 376 441 442
351: 376 441 442 370 372 373 444 445 446
344: 363 448 449
345: 382 383 384 363 448 449 450 452 453
346: 376 454 456
347: 376 377 379 454 456 457 458 460
382: 363 448 449 588 590
383: 382 383 384 393 394 591 592 594
384: 370 404 406 363 411 413 596 597 599
385: 363 448 449 588 590 382 383 384 393 394 591 592 594 370 404 406 411 413 596 597 599 600 601
386: 370 372 373 603
388: 363 387 389 370 395 396 604 605 607
389: 382 402 403 376 434 435 608 609 611
387: 376 377 379 454 456 612 613 615
390: 370 372 373 603 363 387 389 395 396 604 605 607 616 382 402 403 376 434 435 608 609 611 377 379 454 456 612 613 615 618 620
391: 363 365 366 367 448 449 588 590 382 383 384 393 394 591 592 594 370 404 406 411 413 596 597 599 600 601 372 373 603 387 389 395 396 604 605 607 616 402 403 376 434 435 608 609 611 377 379 454 456 612 613 615 618 620 622 624
392: 370 424 426 496 625
393: 363 365 366 627
394: 363 365 366 367 376 441 442 628 629
395: 363 365 366 376 377 379 630 632 633
396: 382 420 422 363 387 389 635 636 638
397: 370 404 406 395 396 639 640 642
400: 376 434 435 370 424 426 643 644 646
401: 363 411 413 382 383 384 647 648 650
398: 376 454 456 370 372 373 652 654 656
399: 363 448 449 382 402 403 658 659 661
402: 376 434 435 370 424 426 643 644 646 363 411 413 382 383 384 647 648 650 662 454 456 372 373 652 654 656 448 449 402 403 658 659 661 663 665
403: 370 404 406 395 396 639 640 642 376 434 435 424 426 643 644 646 363 411 413 382 383 384 647 648 650 662 454 456 372 373 652 654 656 448 449 402 403 658 659 661 663 665 666 393 394 667 669
404: 363 365 366 367 376 441 442 628 629 377 379 630 632 633 670 382 420 422 387 389 635 636 638 370 404 406 395 396 639 640 642 434 435 424 426 643 644 646 411 413 383 384 647 648 650 662 454 456 372 373 652 654 656 448 449 402 403 658 659 661 663 665 666 393 394 667 669 671 673
405: 363 365 366 367 376 441 442 628 629 377 379 630 632 633 670 382 420 422 387 389 635 636 638 370 404 406 395 396 639 640 642 434 435 424 426 643 644 646 411 413 383 384 647 648 650 662 454 456 372 373 652 654 656 448 449 402 403 658 659 661 663 665 666 393 394 667 669 671 673 674 676 678
408: 376 434 435 363 411 413 680 681 682
409: 382 383 384 370 372 373 683 684 685
406: 382 393 394 370 424 426 686 687 689
407: 382 420 422 370 395 396 690 691 693
410: 376 434 435 363 411 413 680 681 682 382 383 384 370 372 373 683 684 685 694 393 394 424 426 686 687 689 420 422 395 396 690 691 693 695 697
413: 370 404 406 382 402 403 698 699 701
414: 376 441 442 363 365 366 702 704 706
411: 376 377 379 363 387 389 708 709 711
412: 376 454 456 363 448 449 712 713 715
415: 370 404 406 382 402 403 698 699 701 376 441 442 363 365 366 702 704 706 716 377 379 387 389 708 709 711 454 456 448 449 712 713 715 717 719
416: 370 424 426 496 376 434 435 363 411 413 680 681 682 382 383 384 372 373 683 684 685 694 393 394 686 687 689 420 422 395 396 690 691 693 695 697 404 406 402 403 698 699 701 441 442 365 366 702 704 706 716 377 379 387 389 708 709 711 454 456 448 449 712 713 715 717 719 721 n569
417: 370 395 396 540 n570
418: 363 387 389 n571
419: 376 454 456 n572
420: 363 365 366 367 n573
423: 382 393 394 370 395 396 n574 n575 n576
424: 382 383 384 370 372 373 n577 n578 n579
421: 382 402 403 363 411 413 n580 n581 n582
422: 376 434 435 370 404 406 n583 n584 n585
425: 382 393 394 370 395 396 n574 n575 n576 383 384 372 373 n577 n578 n579 n586 402 403 363 411 413 n580 n581 n582 376 434 435 404 406 n583 n584 n585 n587 n588
428: 376 441 442 363 365 366 n589 n590 n591
429: 376 377 379 363 387 389 n592 n593 n594
426: 382 420 422 370 424 426 n595 n596 n597
427: 376 454 456 363 448 449 n598 n599 n600
430: 376 441 442 363 365 366 n589 n590 n591 377 379 387 389 n592 n593 n594 n601 382 420 422 370 424 426 n595 n596 n597 454 456 448 449 n598 n599 n600 n602 n603
431: 363 448 449 n604 382 393 394 370 395 396 n574 n575 n576 383 384 372 373 n577 n578 n579 n586 402 403 411 413 n580 n581 n582 376 434 435 404 406 n583 n584 n585 n587 n588 441 442 365 366 n589 n590 n591 377 379 387 389 n592 n593 n594 n601 420 422 424 426 n595 n596 n597 454 456 n598 n599 n600 n602 n603 n605 n606
432: 363 387 389 390 n607
433: 376 441 442 n608
434: 370 395 396 540 376 377 379 n609 n610
435: 382 420 422 363 387 389 n611 n612 n613
436: 370 424 426 382 402 403 n614 n615 n616
437: 363 411 413 365 366 n617 n618 n619
440: 370 404 406 395 396 n620 n621 n622
441: 382 383 384 393 394 n623 n624 n625
438: 376 454 456 370 372 373 n626 n627 n628
439: 376 441 442 363 448 449 n629 n630 n631
442: 370 404 406 395 396 n620 n621 n622 382 383 384 393 394 n623 n624 n625 n632 376 454 456 372 373 n626 n627 n628 441 442 363 448 449 n629 n630 n631 n633 n634
443: 363 411 413 365 366 n617 n618 n619 370 404 406 395 396 n620 n621 n622 382 383 384 393 394 n623 n624 n625 n632 376 454 456 372 373 n626 n627 n628 441 442 448 449 n629 n630 n631 n633 n634 n635 434 435 n636 n637
444: 370 395 396 540 376 377 379 n609 n610 382 420 422 363 387 389 n611 n612 n613 n638 424 426 402 403 n614 n615 n616 411 413 365 366 n617 n618 n619 404 406 n620 n621 n622 383 384 393 394 n623 n624 n625 n632 454 456 372 373 n626 n627 n628 441 442 448 449 n629 n630 n631 n633 n634 n635 434 435 n636 n637 n639 n640
445: 370 395 396 540 376 377 379 n609 n610 382 420 422 363 387 389 n611 n612 n613 n638 424 426 402 403 n614 n615 n616 411 413 365 366 n617 n618 n619 404 406 n620 n621 n622 383 384 393 394 n623 n624 n625 n632 454 456 372 373 n626 n627 n628 441 442 448 449 n629 n630 n631 n633 n634 n635 434 435 n636 n637 n639 n640 n641 n642 n643
446: 382 402 403 n644 n645
447: 376 454 456 363 448 449 n646 n647 n648
448: 382 420 422 370 424 426 n649 n650 n651
449: 382 383 384 370 372 373 n652 n653 n654
----------------------------------------

【xmg】
522: 369 370 371 n844 363 374 431 n817 388 436 n818 n819 386 390 n823 362 425 n824 n825 n826 377 405 n814 420 n815 n816 387 n820 364 n821 n822 n827 n828 414 n832 413 n833 n834 n838 379 n839 n840 n841 381 n829 375 n830 n831 395 n835 397 n836 n837 n842 n843 n845 n846
521: 370 386 414 n832 377 413 n833 n834 369 371 n838 379 n839 n840 n841 374 381 n829 375 n830 n831 363 395 n835 388 397 n836 n837 n842 n843
518: 369 370 371 n838 377 379 n839 n840
517: 363 369 395 n835 388 397 n836 n837
520: 370 386 414 n832 377 413 n833 n834
519: 374 377 381 n829 370 375 n830 n831
516: 363 374 431 n817 388 436 n818 n819 386 390 n823 362 425 n824 n825 n826 377 405 n814 370 420 n815 n816 387 n820 364 n821 n822 n827 n828
513: 386 388 390 n823 362 425 n824 n825
512: 363 386 387 n820 362 364 n821 n822
515: 363 374 431 n817 388 436 n818 n819
514: 362 377 405 n814 370 420 n815 n816
511: 369 377 379 n785 362 363 364 n782 388 425 n783 n784 370 374 375 n788 386 413 n789 n790 436 n794 395 n795 n796 371 n800 414 n801 n802 n803 405 n791 397 n792 n793 431 n797 n798 n799 n804 n805 n806 381 n807 n808 n809 390 n779 387 n780 n781 420 n786 n787 n810 n811 n812 n813
510: 362 363 364 n782 388 425 n783 n784 370 374 375 n788 377 386 413 n789 n790 436 n794 369 395 n795 n796 371 n800 414 n801 n802 n803 405 n791 397 n792 n793 431 n797 379 n798 n799 n804 n805 n806 381 n807 n808 n809 390 n779 387 n780 n781 n785 420 n786 n787 n810 n811
509: 370 374 375 n788 377 386 413 n789 n790 388 436 n794 363 369 395 n795 n796 371 n800 414 n801 n802 n803 362 405 n791 397 n792 n793 431 n797 379 n798 n799 n804 n805 n806 381 n807 n808
508: 374 388 436 n794 363 369 395 n795 n796 370 371 n800 386 414 n801 n802 n803 362 377 405 n791 397 n792 n793 431 n797 379 n798 n799 n804 n805
505: 369 370 371 n800 386 414 n801 n802
504: 363 374 431 n797 369 377 379 n798 n799
507: 374 388 436 n794 363 369 395 n795 n796
506: 362 377 405 n791 369 388 397 n792 n793
503: 370 374 375 n788 377 386 413 n789 n790
502: 369 377 379 n785 362 370 420 n786 n787
501: 362 363 364 n782 388 425 n783 n784
500: 386 388 390 n779 363 387 n780 n781
499: 362 388 425 n778
498: 369 377 379 n777
497: 377 386 413 n774 363 369 395 n747 388 397 n748 n749 390 n753 374 431 n754 n755 n756 370 371 n744 379 n745 n746 387 n750 436 n751 n752 n757 n758 362 405 n762 420 n763 n764 381 n768 375 n769 n770 n771 414 n759 n760 n761 364 n765 425 n766 n767 n772 n773 n775 n776
496: 362 377 405 n762 370 420 n763 n764 374 381 n768 375 n769 n770 n771 386 414 n759 413 n760 n761 363 364 n765 388 425 n766 n767 n772 n773
493: 374 377 381 n768 370 375 n769 n770
492: 362 363 364 n765 388 425 n766 n767
495: 362 377 405 n762 370 420 n763 n764
494: 370 386 414 n759 377 413 n760 n761
491: 363 369 395 n747 388 397 n748 n749 386 390 n753 374 431 n754 n755 n756 370 371 n744 377 379 n745 n746 387 n750 436 n751 n752 n757 n758
488: 386 388 390 n753 363 374 431 n754 n755
487: 363 386 387 n750 374 388 436 n751 n752
490: 363 369 395 n747 388 397 n748 n749
489: 369 370 371 n744 377 379 n745 n746
486: 362 377 405 n743
485: 374 377 381 n741 n742
484: 362 388 425 n740
483: 362 363 364 n739
482: 362 377 405 n710 363 364 n707 388 425 n708 n709 370 386 414 n713 369 397 n714 n715 390 n719 374 381 n720 n721 n725 413 n726 n727 n728 371 n716 375 n717 n718 387 n722 420 n723 n724 n729 n730 n731 395 n732 n733 n734 431 n704 436 n705 n706 379 n711 n712 n735 n736 n737 n738
481: 362 363 364 n707 388 425 n708 n709 370 386 414 n713 369 397 n714 n715 390 n719 374 377 381 n720 n721 405 n725 413 n726 n727 n728 371 n716 375 n717 n718 387 n722 420 n723 n724 n729 n730 n731 395 n732 n733 n734 431 n704 436 n705 n706 n710 379 n711 n712 n735 n736
480: 370 386 414 n713 369 388 397 n714 n715 390 n719 374 377 381 n720 n721 362 405 n725 413 n726 n727 n728 371 n716 375 n717 n718 363 387 n722 420 n723 n724 n729 n730 n731 395 n732 n733
479: 386 388 390 n719 374 377 381 n720 n721 362 405 n725 413 n726 n727 n728 369 370 371 n716 375 n717 n718 363 387 n722 420 n723 n724 n729 n730
476: 362 377 405 n725 386 413 n726 n727
475: 363 386 387 n722 362 370 420 n723 n724
478: 386 388 390 n719 374 377 381 n720 n721
477: 369 370 371 n716 374 375 n717 n718
474: 370 386 414 n713 369 388 397 n714 n715
473: 362 377 405 n710 369 379 n711 n712
472: 362 363 364 n707 388 425 n708 n709
471: 363 374 431 n704 388 436 n705 n706
470: 370 386 414 n703
469: 362 388 425 562 363 369 395 n674 397 n675 n676 386 390 n680 377 379 n681 n682 n683 374 431 n671 436 n672 n673 370 371 n677 387 n678 n679 n684 n685 405 n689 420 n690 n691 381 n695 375 n696 n697 n698 414 n686 413 n687 n688 364 n692 n693 n694 n699 n700 n701 n702
468: 362 377 405 n689 370 420 n690 n691 374 381 n695 375 n696 n697 n698 386 414 n686 413 n687 n688 363 364 n692 388 425 n693 n694 n699 n700
465: 374 377 381 n695 370 375 n696 n697
464: 362 363 364 n692 388 425 n693 n694
467: 362 377 405 n689 370 420 n690 n691
466: 370 386 414 n686 377 413 n687 n688
463: 363 369 395 n674 388 397 n675 n676 386 390 n680 377 379 n681 n682 n683 374 431 n671 436 n672 n673 370 371 n677 387 n678 n679 n684 n685
460: 386 388 390 n680 369 377 379 n681 n682
459: 369 370 371 n677 363 386 387 n678 n679
462: 363 369 395 n674 388 397 n675 n676
461: 363 374 431 n671 388 436 n672 n673
458: 374 388 436 n648 370 386 414 n639 377 413 n640 n641 381 n645 362 363 364 n646 n647 369 395 n651 420 n652 n653 387 n657 425 n658 n659 n660 397 n649 n650 390 n654 405 n655 n656 n661 n662 n663 375 n664 n665 n666 431 n636 n637 n638 371 n642 379 n643 n644 n667 n668 n669 n670
457: 370 386 414 n639 377 413 n640 n641 374 381 n645 362 363 364 n646 n647 369 395 n651 420 n652 n653 387 n657 388 425 n658 n659 n660 436 n648 397 n649 n650 390 n654 405 n655 n656 n661 n662 n663 375 n664 n665 n666 431 n636 n637 n638 371 n642 379 n643 n644 n667 n668
456: 374 377 381 n645 362 363 364 n646 n647 369 395 n651 370 420 n652 n653 386 387 n657 388 425 n658 n659 n660 436 n648 397 n649 n650 390 n654 405 n655 n656 n661 n662 n663 375 n664 n665
455: 363 369 395 n651 362 370 420 n652 n653 386 387 n657 388 425 n658 n659 n660 374 436 n648 397 n649 n650 390 n654 377 405 n655 n656 n661 n662
452: 363 386 387 n657 362 388 425 n658 n659
451: 386 388 390 n654 362 377 405 n655 n656
454: 363 369 395 n651 362 370 420 n652 n653
453: 374 388 436 n648 369 397 n649 n650
450: 374 377 381 n645 362 363 364 n646 n647
381: 362 388 425 562 363 374 431 523 436 525 526 370 375 531 377 386 413 532 534 535 364 520 521 522 414 527 381 528 530 537 538 369 395 543 397 544 546 371 552 379 554 556 557 390 539 387 540 542 420 547 405 548 550 559 560 563 564
380: 363 369 395 543 388 397 544 546 370 371 552 377 379 554 556 557 386 390 539 387 540 542 362 420 547 405 548 550 559 560
377: 369 370 371 552 377 379 554 556
376: 362 370 420 547 377 405 548 550
379: 363 369 395 543 388 397 544 546
378: 386 388 390 539 363 387 540 542
375: 363 374 431 523 388 436 525 526 370 375 531 377 386 413 532 534 535 362 364 520 425 521 522 414 527 381 528 530 537 538
372: 370 374 375 531 377 386 413 532 534
371: 370 386 414 527 374 377 381 528 530
374: 363 374 431 523 388 436 525 526
373: 362 363 364 520 388 425 521 522
370: 386 388 390 516 518
369: 362 377 405 514
368: 370 386 414 473 363 369 395 469 388 397 470 472 374 377 381 477 362 364 478 480 387 485 413 486 488 375 494 405 496 498 499 481 379 482 484 390 489 420 490 492 500 502 503 425 504 506 507 431 463 436 465 467 371 475 476 508 510 511 512
367: 363 369 395 469 388 397 470 472 374 377 381 477 362 364 478 480 386 387 485 413 486 488 370 375 494 405 496 498 499 414 481 379 482 484 390 489 420 490 492 500 502 503 425 504 506 507 431 463 436 465 467 473 371 475 476 508 510
366: 374 377 381 477 362 363 364 478 480 386 387 485 413 486 488 370 375 494 405 496 498 499 414 481 369 379 482 484 388 390 489 420 490 492 500 502 503 425 504 506
365: 363 386 387 485 377 413 486 488 370 374 375 494 362 405 496 498 499 414 481 369 379 482 484 388 390 489 420 490 492 500 502
362: 370 374 375 494 362 377 405 496 498
361: 386 388 390 489 362 370 420 490 492
364: 363 386 387 485 377 413 486 488
363: 370 386 414 481 369 377 379 482 484
360: 374 377 381 477 362 363 364 478 480
359: 370 386 414 473 369 371 475 476
358: 363 369 395 469 388 397 470 472
357: 363 374 431 463 388 436 465 467
356: 362 377 405 458 370 420 460 461
355: 363 386 387 407 369 388 397 399 395 401 403 374 377 381 416 370 414 417 418 371 426 362 425 428 429 436 437 375 438 440 441 364 421 420 422 424 431 432 379 433 434 442 444 445 413 446 448 449 390 391 392 393 405 409 411 450 452 454 456
354: 369 388 397 399 363 395 401 403 374 377 381 416 370 386 414 417 418 371 426 362 425 428 429 436 437 375 438 440 441 364 421 420 422 424 431 432 379 433 434 442 444 445 413 446 448 449 390 391 387 392 393 407 405 409 411 450 452
353: 374 377 381 416 370 386 414 417 418 369 371 426 362 388 425 428 429 436 437 375 438 440 441 363 364 421 420 422 424 431 432 379 433 434 442 444 445 413 446 448
352: 369 370 371 426 362 388 425 428 429 374 436 437 375 438 440 441 363 364 421 420 422 424 431 432 377 379 433 434 442 444
335: 386 388 390 391 363 387 392 393
333: 386 388 390
334: 363 386 387
332: 374 377 381 382 384
331: 374 377 381
330: 369 377 379 380
329: 369 377 379
328: 370 374 375 376
327: 370 374 375
326: 369 370 371 372
325: 369 370 371
324: 362 363 364 366 367
323: 362 363 364
336: 363 369 395
337: 369 388 397
338: 369 388 397 399 363 395 401 403
339: 362 377 405
340: 363 386 387 407 362 377 405 409 411
341: 377 386 413
342: 370 386 414
343: 374 377 381 416 370 386 414 417 418
348: 362 370 420
349: 362 363 364 421 370 420 422 424
350: 362 388 425
351: 369 370 371 426 362 388 425 428 429
344: 363 374 431
345: 363 374 431 432 369 377 379 433 434
346: 374 388 436
347: 374 388 436 437 370 375 438 440
382: 363 374 431 566 567
383: 363 386 387 568 369 377 379 569 571
384: 362 377 405 572 369 388 397 573 575
385: 362 377 405 572 369 388 397 573 575 363 374 431 566 567 386 387 568 379 569 571 576 577
386: 369 370 371 579
388: 386 388 390 580 374 377 381 581 583
389: 362 370 420 584 363 369 395 585 587
387: 374 388 436 588 370 375 589 591
390: 386 388 390 580 374 377 381 581 583 436 588 370 375 589 591 592 369 371 579 362 420 584 363 395 585 587 593 595
391: 362 363 364 597 377 405 572 369 388 397 573 575 374 431 566 567 386 387 568 379 569 571 576 577 390 580 381 581 583 436 588 370 375 589 591 592 371 579 420 584 395 585 587 593 595 599 601
392: 370 386 414 603 604
393: 362 363 364 606
394: 362 363 364 597 388 425 608 610
395: 370 374 375 612 362 363 364 613 615
396: 374 377 381 616 386 413 617 619
397: 386 388 390 620 369 397 621 623
400: 370 386 414 624 362 420 625 627
401: 369 377 379 628 362 405 629 631
398: 369 370 371 633 374 388 436 635 637
399: 363 369 395 638 374 431 639 641
402: 369 377 379 628 362 405 629 631 363 395 638 374 431 639 641 642 370 386 414 624 420 625 627 371 633 388 436 635 637 643 645
403: 386 388 390 620 369 397 621 623 377 379 628 362 405 629 631 363 395 638 374 431 639 641 642 370 414 624 420 625 627 371 633 436 635 637 643 645 646 387 647 649
404: 370 374 375 612 362 363 364 613 615 386 388 390 620 369 397 621 623 377 379 628 405 629 631 395 638 431 639 641 642 414 624 420 625 627 371 633 436 635 637 643 645 646 387 647 649 650 597 425 608 610 381 616 413 617 619 651 653
405: 362 363 364 597 370 374 375 612 613 615 386 388 390 620 369 397 621 623 377 379 628 405 629 631 395 638 431 639 641 642 414 624 420 625 627 371 633 436 635 637 643 645 646 387 647 649 650 425 608 610 381 616 413 617 619 651 653 655 657
408: 362 377 405 659 370 420 660 661
409: 369 370 371 663 377 379 664 665
406: 370 386 414 666 363 387 668 669
407: 386 388 390 670 377 413 671 673
410: 369 370 371 663 377 379 664 665 386 388 390 670 413 671 673 674 362 405 659 420 660 661 414 666 363 387 668 669 675 677
413: 363 369 395 678 388 397 679 681
414: 362 363 364 682 388 425 683 685
411: 374 377 381 687 370 375 689 691
412: 363 374 431 692 388 436 693 695
415: 362 363 364 682 388 425 683 685 374 431 692 436 693 695 696 369 395 678 397 679 681 377 381 687 370 375 689 691 697 699
416: 370 386 414 473 369 371 663 377 379 664 665 388 390 670 413 671 673 674 362 405 659 420 660 661 666 363 387 668 669 675 677 364 682 425 683 685 374 431 692 436 693 695 696 395 678 397 679 681 381 687 375 689 691 697 699 700 701
417: 386 388 390 703 704
418: 374 377 381 705
419: 374 388 436 707
420: 362 363 364 709 711
423: 386 388 390 713 363 387 714 715
424: 369 370 371 716 377 379 718 719
421: 362 377 405 n569 363 369 395 n570 n571
422: 369 388 397 n572 362 370 420 n573 n574
425: 369 370 371 716 377 379 718 719 388 397 n572 362 420 n573 n574 n575 386 390 713 363 387 714 715 405 n569 395 n570 n571 n576 n577
428: 362 363 364 n578 388 425 n579 n580
429: 374 377 381 n581 370 375 n582 n583
426: 370 386 414 n584 377 413 n585 n586
427: 363 374 431 n587 388 436 n588 n589
430: 374 377 381 n581 370 375 n582 n583 363 431 n587 388 436 n588 n589 n590 362 364 n578 425 n579 n580 386 414 n584 413 n585 n586 n591 n592
431: 363 374 431 n593 369 370 371 716 377 379 718 719 388 397 n572 362 420 n573 n574 n575 386 390 713 387 714 715 405 n569 395 n570 n571 n576 n577 381 n581 375 n582 n583 n587 436 n588 n589 n590 364 n578 425 n579 n580 414 n584 413 n585 n586 n591 n592 n594 n595
432: 374 377 381 n596 n597
433: 362 388 425 n598
434: 386 388 390 n599 370 374 375 n600 n601
435: 374 377 381 n602 386 413 n603 n604
436: 363 369 395 n605 370 386 414 n606 n607
437: 362 363 364 n608 377 405 n609 n610
440: 386 388 390 n611 369 397 n612 n613
441: 363 386 387 n614 369 377 379 n615 n616
438: 369 370 371 n617 374 388 436 n618 n619
439: 363 374 431 n620 362 388 425 n621 n622
442: 363 386 387 n614 369 377 379 n615 n616 374 431 n620 362 388 425 n621 n622 n623 390 n611 397 n612 n613 370 371 n617 436 n618 n619 n624 n625
443: 362 363 364 n608 377 405 n609 n610 386 387 n614 369 379 n615 n616 374 431 n620 388 425 n621 n622 n623 390 n611 397 n612 n613 370 371 n617 436 n618 n619 n624 n625 n626 420 n627 n628
444: 374 377 381 n602 386 413 n603 n604 362 363 364 n608 405 n609 n610 387 n614 369 379 n615 n616 431 n620 388 425 n621 n622 n623 390 n611 397 n612 n613 370 371 n617 436 n618 n619 n624 n625 n626 420 n627 n628 n629 n599 375 n600 n601 395 n605 414 n606 n607 n630 n631
445: 386 388 390 n599 374 377 381 n602 413 n603 n604 362 363 364 n608 405 n609 n610 387 n614 369 379 n615 n616 431 n620 425 n621 n622 n623 n611 397 n612 n613 370 371 n617 436 n618 n619 n624 n625 n626 420 n627 n628 n629 375 n600 n601 395 n605 414 n606 n607 n630 n631 n632 n633
446: 363 369 395 n634 n635
447: 363 374 431 n636 388 436 n637 n638
448: 370 386 414 n639 377 413 n640 n641
449: 369 370 371 n642 377 379 n643 n644
----------------------------------------
