
【aig】
956: 220 652 653 654 655 1366 1367 634 635 636 637 1368 668 1369 1370 704 1371 1372 1373 1374 1375 1376 1377 1378 1379 1380 1381 1382
955: 220 634 635 636 637 1374 1375 652 653 654 655 1376 668 1377 1378 704 1379 1380 1381
954: 220 652 653 654 655 1376 634 635 636 668 1377 1378
953: 220 634 635 636 637 1374 1375
952: 220 652 653 654 655 1366 1367 634 635 636 637 1368 668 1369 1370 704 1371 1372 1373
951: 220 634 635 636 637 1368 668 1369 1370
950: 220 652 653 654 655 1366 1367
949: 220 658 659 660 671 638 720 762 763 1364 1365
948: 220 658 709 718 719 1360 1361 1362 1363
947: 220 662 663 664 750 652 783 784 785 1185 1359
946: 220 652 653 680 681 662 663 738 739 1357 1358
945: 220 691 692 693 694 695 696 1089 1313 1351 1352 1353 1354 1355 1356
944: 220 691 692 693 694 695 696 1089 1313 1351 1352 1353
943: 220 638 720 628 851 852 1111 1348 1349 1350
942: 220 662 663 664 750 634 789 790 791 1346 1347
941: 220 647 648 649 634 635 636 668 669 1345
940: 220 674 675 676 744 1328 792 793 794 795 1329 1330 844 1331 1332 1333 815 816 817 1334 804 805 847 1335 1336 677 1337 806 1338 1339 985 1340 1341 1342 1343 1344
939: 220 792 815 816 817 1334 674 804 805 847 1335 1336 675 676 677 1337 806 1338 1339 985 1340 1341 1342
938: 220 674 675 676 677 1337 804 805 806 1338 1339
937: 220 792 815 816 817 1334 674 804 805 847 1335 1336
936: 220 674 675 676 744 1328 792 793 794 795 1329 1330 844 1331 1332 1333
935: 220 674 675 676 744 1328 792 793 794 795 1329 1330
934: 220 662 663 738 739 628 851 852 1111 1323 1324 647 648 701 634 635 725 889 1325 1326 1327
933: 220 662 663 738 739 628 851 852 1111 1323 1324
932: 220 647 648 701 674 804 805 847 1319 658 709 710 859 1320 1321 1322
931: 220 674 804 805 847 1319 658 709 710 859 1320 1321
930: 220 1089 1102 1103 1104 1313 691 1314 1315 1316 1317 1318
928: 220 691 1314 1315
929: 220 1313
927: 220 658 659 660 671 1311 1312
926: 220 662 745 746 747 658 659 756 757 856 1310
925: 220 628 629 630 644 662 745 746 779 828 1305 747 658 709 710 859 860 1306 1307 634 635 636 668 833 1308 1309
924: 220 628 629 630 644 662 745 746 779 828 1305 747 658 709 710 859 860 1306 1307
923: 220 662 663 664 750 658 709 710 711 1289 659 756 757 1290 1291 1302 745 746 747 628 629 771 1292 1293 652 783 784 785 1294 1295 851 852 853 1296 1111 1297 1298 630 631 1299 1300 1301 1303 1304
922: 220 628 629 771 1292 1293 652 783 784 785 1294 1295 851 852 853 1296 1111 1297 1298 630 631 1299 1300 1301
921: 220 628 851 852 853 1296 1111 1297 1298
920: 220 628 629 771 1292 1293 652 783 784 785 1294 1295
689: 220 628 629 771 1292
919: 220 658 709 710 711 1289 659 756 757 1290 1291
918: 220 691 692 693 694 695 696 697 1284 1285 1286 1287 1288
917: 220 691 692 693 694 695 696 697 1284 1285
916: 220 647 707 708 658 709 1278 1279 1280 634 635 725 889 1281 1282 1283
915: 220 658 709 1278 1279 1280
914: 220 634 635 636 637 662 745 746 747 1276 1277
913: 220 647 707 724 792 793 794 844 1274 1275
912: 220 634 635 725 726 1270 1271 1272 1273
911: 220 638 639 792 815 816 985 1268 1269
910: 220 628 629 630 644 662 745 746 779 828 1265 747 658 709 710 859 860 1266 1267
713: 220 662 745 746 747 658 709 710 859 860
736: 220 628 629 630 644 662 745 746 779 828
909: 220 638 639 685 686 792 793 794 844 1263 1264
908: 220 628 629 630 644 647 648 649 1261 1262
907: 220 638 720 762 763 792 793 794 844 1259 1260
906: 220 634 635 636 637 638 639 685 686 1257 1258
905: 220 792 793 794 844 1154 1242 815 816 817 1160 1243 1244 795 1245 1246 658 659 660 671 1157 1248 674 675 676 677 1247 1249 1250 985 1161 1251 1252 1253 1239 744 1240 1241 1254 1255 1256
902: 220 792 793 794 795 1245 1246 658 659 660 671 1157 1248 674 675 676 677 1247 1249 1250 815 816 985 1161 1251 1252 1253
901: 220 658 659 660 671 1157 1248 674 675 676 677 1247 1249 1250
662: 220 674 675 676 677 1247
900: 220 792 793 794 795 1245 1246
904: 220 792 793 794 844 1154 1242 815 816 817 1160 1243 1244
903: 220 658 659 660 671 1239 674 675 676 744 1240 1241
899: 220 628 629 662 663 738 739 740 741 742 1238
898: 220 658 709 718 719 647 707 724 1024 1237
897: 220 628 629 630 631 638 639 989 1236
896: 220 691 692 693 694 695 696 974 975 976 977 1233 1234 1235
895: 220 658 659 660 661 638 720 992 1231 1232
894: 220 662 745 746 779 634 635 725 889 1229 1230
893: 220 662 663 664 665 658 659 660 671 753 1228
892: 220 628 629 630 631 768 769 770 1226 1227
891: 220 662 663 664 665 652 783 784 785 1213 628 851 852 1111 1214 1215 629 630 631 1216 792 815 816 985 1217 1218 1219 1220 745 746 747 793 794 844 1221 1222 750 653 680 681 1210 634 635 725 726 1211 1212 1223 1224 1225
890: 220 662 745 746 747 792 793 794 844 1221 1222
888: 220 662 663 664 665 652 783 784 785 1213 628 851 852 1111 1214 1215 629 630 631 1216 792 815 816 985 1217 1218 1219 1220
887: 220 628 629 630 631 1216 792 815 816 985 1217 1218
886: 220 652 783 784 785 1213 628 851 852 1111 1214 1215
889: 220 652 653 680 681 1210 634 635 725 726 1211 1212
885: 220 625 626 627 628 851 852 1111 1138 1209
884: 220 638 720 792 815 816 817 1197 658 709 710 859 1198 1199 652 653 654 655 1200 659 756 757 1201 1202 634 635 636 637 1203 711 1204 1205 1206 1207 1208
883: 220 634 635 636 637 1203 658 709 710 711 1204 1205
759: 220 658 659 660 671 884 709 718 755 885 886
748: 220 768 769 770 652 653 654 704 773 628 629 771 772 774 775 634 635 725 726 776 777 778 662 663 664 665 680 681 786 787 788 799 745 746 747 789 790 791 796 792 793 794 795 797 798 800 801 647 648 701 780 779 781 782 783 784 785 802 803 674 675 676 744 807 808 658 659 756 757 809 810 811 649 804 805 806 812 813 814 818 819 820 815 816 817 821 822 823 677 702 824 825 826 827 630 644 828 829 830 655 638 639 685 686 831 832 636 668 833 834 835 836 837 838 709 718 719 839 840 841 842 843 844 845 846 847 848 849 850 851 852 853 854 855 856 857 858 710 859 860 861 660 661 720 762 763 862 863 864 865 866 867 868 869 870
725: 220 638 639 685 686 658 709 718 719 839 840 662 745 746 747 659 756 818 841 842 843 779 792 793 794 844 845 846 674 804 805 847 848 849 850 663 664 665 628 851 852 853 854 855 757 856 857 858 710 859 860 861 660 661 720 762 763 862 863 864 865 866 867
715: 220 662 745 746 747 658 709 710 859 860 861 659 660 661 638 720 762 763 862 863 864
714: 220 662 745 746 747 658 709 710 859 860 861
712: 220 658 709 710 859
711: 220 662 663 664 665 628 851 852 853 854 855 745 746 747 658 659 756 757 856 857 858
710: 220 662 663 664 665 628 851 852 853 854 855
709: 220 628 851 852 853
708: 220 628 851 852
724: 220 662 745 746 779 792 793 794 844 845 846 747 674 804 805 847 848 849 850
723: 220 674 804 805 847
722: 220 662 745 746 779 792 793 794 844 845 846
719: 220 792 793 794 844
718: 220 638 639 685 686 658 709 718 719 839 840 662 745 746 747 659 756 818 841 842 843
716: 220 638 639 685 686 658 709 718 719 839 840
747: 220 647 648 701 674 675 676 744 807 808 658 659 756 757 809 810 811 649 804 805 806 812 813 814 818 819 820 792 815 816 817 821 822 823 677 702 824 825 662 745 746 747 826 827 628 629 630 644 779 828 829 830 652 653 654 655 638 639 685 686 831 832 634 635 636 668 833 834 835 836 837 838
739: 220 652 653 654 655 638 639 685 686 831 832 634 635 636 668 662 745 746 747 833 834 835
738: 220 652 653 654 655 638 639 685 686 831 832
737: 220 662 745 746 747 792 815 816 817 826 827 628 629 630 644 779 828 829 830
735: 220 662 745 746 747 792 815 816 817 826 827
746: 220 647 648 701 658 659 756 818 819 820 792 815 816 817 821 822 823 674 675 676 677 702 824 825
745: 220 647 648 701 658 659 756 818 819 820 792 815 816 817 821 822 823
744: 220 647 648 701 658 659 756 818 819 820
717: 220 658 659 756 818
734: 220 792 815 816 817
655: 220 792 815
743: 220 647 648 701 674 675 676 744 807 808 658 659 756 757 809 810 811 649 804 805 806 812 813 814
742: 220 647 648 701 674 675 676 744 807 808 658 659 756 757 809 810 811
741: 220 647 648 701 674 675 676 744 807 808
740: 220 674 804 805 806
640: 220 674 804
733: 220 662 663 664 665 652 653 680 681 786 634 635 725 726 787 788 799 745 746 747 789 790 791 796 792 793 794 795 797 798 800 801 647 648 701 780 779 781 782 783 784 785 802 803
732: 220 662 663 664 665 652 653 680 681 786 634 635 725 726 787 788 799 745 746 747 789 790 791 796 792 793 794 795 797 798 800 801
731: 220 634 789 790 791 796 792 793 794 795 797 798
730: 220 792 793 794 795
659: 220 792 793
729: 220 634 789 790 791
728: 220 652 653 680 681 786 634 635 725 726 787 788
727: 220 652 783 784 785
726: 220 647 648 701 780 662 745 746 779 781 782
721: 220 662 745 746 779
707: 220 768 769 770 652 653 654 704 773 628 629 771 772 774 775 634 635 725 726 776 777 778
706: 220 652 653 654 704 773 628 629 771 772 774 775
705: 220 628 629 771 772
704: 220 768 769 770
703: 220 674 675 676 677 662 745 746 747 766 767
702: 220 658 709 718 719 638 720 762 763 764 765
680: 220 638 720 762 763
701: 220 647 707 708 658 709 718 755 758 659 756 757 759 760 761
700: 220 658 709 718 755 758 659 756 757 759 760
699: 220 658 659 756 757
698: 220 658 709 718 755
697: 220 662 663 664 665 658 659 660 671 753 754
696: 220 634 635 636 668 662 663 664 750 751 752
695: 220 662 663 664 750
694: 220 674 675 676 744 662 745 746 747 748 749
692: 220 662 745 746 747
693: 220 674 675 676 744
691: 220 628 629 662 663 738 739 740 741 742 743
690: 220 628 629 662 663 738 739 740 741 742
755: 220 662 745 746 779 652 653 680 681 880 658 709 710 859 881 882 883
628: 220 674 675
687: 220 647 648 649 658 659 660 671 736 737
650: 220 658 659 660 671
649: 220 647 648 649 634 635 636 668 669 670
648: 220 634 635 636 668
647: 220 658 659 660 661 662 663 664 665 666 667
644: 220 662 663 664 665
643: 220 662
646: 220 658 659 660 661
645: 220 658 659
642: 220 652 653 654 655 656 657
641: 220 652 653 654 655
639: 220 652
638: 220 634 635 636 637 647 648 649 650 651
637: 220 647 648 649
749: 220 647 707 708 628 851 852 853 871 872
622: 220
879: 220 674 675 676 677 662 745 746 747 766 1190 628 629 630 631 779 1191 1192 1193
681: 220 658 709 718 719 638 720 721 722 723
635: 220 628 629 630 644
652: 220 658 659 660 671 672 673
750: 220 638 639 634 635 636 668 873 874 875
623: 220 622 623 624
880: 220 662 663 664 750 652 783 784 785 1185 1186 638 639 685 686 674 804 805 806 1187 1188 1189 675 676 677 745 746 747 766 1190 628 629 630 631 779 1191 1192 1193 665 644 1176 658 659 660 671 1177 1178 792 815 816 817 1179 793 794 795 1180 1181 661 1182 1183 1184 1194 1195 1196
682: 220 647 707 724
636: 220 628 629 630 644 645 646
653: 220 674 675 676 677
751: 220 662 745 746 747 674 804 805 847 848 876
624: 220 625 626 627
881: 220 792 815 816 817 1197 658 709 710 859 1198 1199
683: 220 634 635 725 726
752: 220 628 629 630 644 662 745 746 779 828 877
625: 220 628 629
882: 220 652 653 654 655 1200 658 659 756 757 1201 1202
684: 220 647 707 708 634 635 725 726 727 728 729
753: 220 662 663 664 750 628 851 852 853 878 879
626: 220 628 629 630 631
685: 220 647 707 708 634 635 725 726 727 728 729 674 675 676 677 724 730 731 732
754: 220 652 653 680 681 880 658 709 710 859 881 882
627: 220 625 626 627 628 629 630 631 632 633
686: 220 647 707 708 652 653 654 655 712 658 709 710 711 713 714 634 635 636 668 715 716 717 725 726 727 728 729 674 675 676 677 724 730 731 732 718 719 638 720 721 722 723 733 734 735
629: 220 634
688: 220 662 663 738 739
630: 220 634 635 636 637
631: 220 638 639
633: 220 634 635 636 637 638 639 640 641 642
634: 220 643
654: 220 674 675 676 677 678 679
656: 220 652 653 680 681
657: 220 662 663 664 665 652 653 680 681 682 683
660: 220 652 653 680 684
658: 220 638 639 685 686
661: 220 652 653 680 684 638 639 685 686 687 688
663: 220 674 675 676 677 689 690
665: 220 691 692 693
666: 220 691 692 693 694 695 696
667: 220 691 692 693 694 695 696 697 698 699
668: 220 691 692 693 694 695 696 697 698 699 700
669: 220 647 648 701
670: 220 674 675 676 677 647 648 701 702 703
671: 220 652 653 654 704
672: 220 652 653 654 704 705 706
673: 220 647 707 708
674: 220 658 709
675: 220 658 709 710 711
676: 220 652 653 654 655 712 658 709 710 711 713 714
677: 220 647 707 708 652 653 654 655 712 658 709 710 711 713 714 634 635 636 668 715 716 717
678: 220 658 709 718 719
679: 220 638 720
632: 220 768 887 888
756: 220 634 635 725 889
757: 220 652 653 654 704 890 658 709 710 711 891 892
758: 220 768 887 888 652 653 654 704 890 658 709 710 711 891 892 634 635 725 889 893 894 895
760: 220 638 639 652 653 654 655 896 897
220: 220
761: 220 634 635 636 637 638 639 640 898 899
762: 220 634 635 636 637 638 639 640 898 899 652 653 680 681 685 686 900 901 902
763: 220 634 635 636 637 638 639 640 898 899 652 653 680 681 685 686 900 901 902 654 655 896 897 903 904 905
764: 220 768 887 888 652 653 654 704 890 658 709 710 711 891 892 634 635 725 889 893 894 895 636 637 638 639 640 898 899 680 681 685 686 900 901 902 655 896 897 903 904 905 662 663 738 739 659 660 671 884 718 755 885 886 906 907 908
765: 220 634 635 636 668 909 910
766: 220 634 635 636 637 911 628 629 630 644 912 913
767: 220 628 629 630 631 914 652 783 784 785 915 916
768: 220 638 720 917 918
769: 220 634 789 790 791 638 720 917 918 647 648 649 919 920 921
770: 220 634 789 790 791 638 720 917 918 647 648 649 919 920 921 762 763 658 659 756 818 922 923 924
771: 220 634 789 790 791 638 720 917 918 647 648 649 919 920 921 762 763 658 659 756 818 922 923 924 635 636 637 911 628 629 630 644 912 913 631 914 652 783 784 785 915 916 925 926 927
772: 220 662 663 738 928
773: 220 658 709 710 711 929 628 851 852 853 930 931
774: 220 662 663 738 928 658 709 710 711 929 628 851 852 853 930 931 634 635 636 668 932 933 934
775: 220 652 653 680 684 935 792 793 794 795 936 937
776: 220 652 653 680 684 938 628 629 771 772 939 940
777: 220 647 707 724 658 709 718 755 941 942
778: 220 662 638 720 628 851 852 853 943 944 945
779: 220 647 707 724 658 709 718 755 941 942 662 638 720 628 851 852 853 943 944 945 762 763 652 653 680 684 938 629 771 772 939 940 946 947 948
780: 220 662 663 738 928 658 709 710 711 929 628 851 852 853 930 931 634 635 636 668 932 933 934 647 707 724 718 755 941 942 638 720 943 944 945 762 763 652 653 680 684 938 629 771 772 939 940 946 947 948 639 685 686 935 792 793 794 795 936 937 949 950 951
781: 220 638 720 658 709 718 755 952 953
782: 220 768 769 954
783: 220 658 709 710 859 768 769 954 955 956
784: 220 638 639 634 789 790 791 957 958
785: 220 634 635 636 668 959 658 709 718 755 960 961
786: 220 638 720 634 635 636 668 959 658 709 718 755 960 961 674 804 805 847 962 963 964
787: 220 634 635 636 668 965 792 793 794 795 966 967
788: 220 662 663 738 739 634 635 636 668 965 792 793 794 795 966 967 637 968 969 970
789: 220 662 663 738 739 634 635 636 668 965 792 793 794 795 966 967 637 968 969 970 638 639 789 790 791 957 958 720 959 658 709 718 755 960 961 674 804 805 847 962 963 964 971 972 973
790: 220 974
791: 220 691 692 693 694 695 696 974 975 976 977
792: 220 691 692 693 694 695 696 974 975 976 977 978 979 980
793: 220 634 635 636 637 768 769 770 981 982
794: 220 638 639 652 783 784 785 983 984
795: 220 792 815 816 985
796: 220 638 639 652 783 784 785 983 984 720 792 815 816 985 986 987 988
797: 220 638 639 652 783 784 785 983 984 720 792 815 816 985 986 987 988 628 629 630 631 989 990 991
798: 220 658 659 660 661 638 720 992 993
799: 220 658 659 660 661 638 720 992 993 639 634 789 790 791 957 994 995
800: 220 658 659 660 661 996 671 997 998
801: 220 634 635 636 668 999 652 653 680 684 1000 1001
802: 220 638 639 658 659 660 661 996 671 997 998 634 635 636 668 999 652 653 680 684 1000 1001 1002 1003
803: 220 658 659 756 818 1004 628 851 852 853 1005 1006
804: 220 628 629 630 644 1007 634 635 725 726 1008 1009
805: 220 634 635 636 668 1010 658 709 718 755 1011 1012
806: 220 638 720 634 635 636 668 1010 658 709 718 755 1011 1012 674 804 805 847 1013 1014 1015
807: 220 638 720 634 635 636 668 1010 658 709 718 755 1011 1012 674 804 805 847 1013 1014 1015 639 659 756 818 1004 628 851 852 853 1005 1006 629 630 644 1007 725 726 1008 1009 1016 1017 1018
808: 220 638 639 652 783 784 785 983 984 720 792 815 816 985 986 987 988 628 629 630 631 989 990 991 658 659 660 661 992 993 634 789 790 791 957 994 995 996 671 997 998 635 636 668 999 653 680 684 1000 1001 1002 1003 1010 709 718 755 1011 1012 674 804 805 847 1013 1014 1015 756 818 1004 851 852 853 1005 1006 644 1007 725 726 1008 1009 1016 1017 1018 1019 1020 1021
809: 220 674 675 676 677 1022 1023
810: 220 658 709 718 719 647 707 724 1024 1025
811: 220 674 804 805 847 1026 1027
812: 220 628 629 630 644 1028 1029 1030 1031
813: 220 652 653 654 704 1032 1033 1034 1035
817: 220 652 653 680 684 1036 628 629 771 772 1037 1038
818: 220 662 745 746 747 652 653 680 684 1036 628 629 771 772 1037 1038 634 635 725 726 1039 1040 1041
814: 220 652 653 654 704 1042 792 815 816 985 1043 1044
815: 220 658 659 660 661 1045 674 804 805 847 1046 1047
816: 220 652 653 654 704 1042 792 815 816 985 1043 1044 658 659 660 661 1045 674 804 805 847 1046 1047 680 684 1048 1049 1050
819: 220 674 675 676 744 662 663 738 928 1051 1052
820: 220 662 745 746 747 652 653 680 684 1036 628 629 771 772 1037 1038 634 635 725 726 1039 1040 1041 674 675 676 744 663 738 928 1051 1052 664 750 654 704 1042 792 815 816 985 1043 1044 658 659 660 661 1045 804 805 847 1046 1047 1048 1049 1050 1053 1054 1055
821: 220 628 629 630 631 662 745 746 747 1056 1057
823: 220 792 793 794 844 1058 1059
824: 220 658 659 756 818 1060 1061
825: 220 638 720 628 851 852 853 943 1062 1063
826: 220 634 635 636 637 1064 658 709 710 711 1065 1066
827: 220 634 635 636 637 1064 658 709 710 711 1065 1066 1067 1068 1069
830: 220 792 793 794 795 1070 674 804 805 806 1071 1072
828: 220 658 659 756 757 1073 709 710 859 1074 1075
829: 220 638 639 685 686 658 659 756 757 1073 709 710 859 1074 1075 718 755 1076 1077 1078
831: 220 652 653 680 681 662 745 746 747 1079 1080
832: 220 652 653 680 681 662 745 746 747 1079 1080 658 709 718 755 663 738 928 1081 1082 1083
833: 220 638 639 685 686 658 659 756 757 1073 709 710 859 1074 1075 718 755 1076 1077 1078 652 653 680 681 662 745 746 747 1079 1080 663 738 928 1081 1082 1083 664 750 792 793 794 795 1070 674 804 805 806 1071 1072 1084 1085 1086
834: 220 625 626 627 674 675 676 677 1087 1088
664: 220 691 692
835: 220 1089
836: 220 1090 1091 1092
837: 220 691 692 974 1089 1090 1091 1092 1093 1094 1095
838: 220 691 692 974 1089 1090 1091 1092 1093 1094 1095 1096 1097 1098
839: 220 674 675 676 744 768 769 954 1099 1100
841: 220 1101
840: 220 1102 1103 1104
842: 220 1105 1106
843: 220 691 692 693 1101 1102 1103 1104 1105 1106 1107 1108 1109
844: 220 691 692 693 694 695 696 697 698 699 1110
845: 220 628 851 852 1111
846: 220 662 663 664 750 628 851 852 1111 1112 1113
847: 220 634 635 725 726 1114 1115
848: 220 638 720 658 659 756 757 1116 1117 1118
849: 220 658 659 756 757 662 745 746 779 1119 1120
850: 220 658 709 718 755 768 769 954 1121 1122
851: 220 625 626 627 652 653 680 684 1123 1124
852: 220 662 745 746 747 658 659 756 818 841 1125
853: 220 647 707 724 674 675 676 744 1126 1127
854: 220 658 659 660 671 662 745 746 779 1128 1129
855: 220 638 639 634 635 725 889 1130 1131 1132
720: 220 1133 1134
856: 220 628 629 630 631 1133 1134 1135 1136 1137
857: 220 628 629 630 631 1133 1134 1135 1136 1137 625 626 627 851 852 1111 1138 1139 1140
858: 220 634 635 636 637 768 769 954 1141 1142
859: 220 658 659 660 671 1133 1134 1143 1144 1145
860: 220 638 639 652 653 654 655 896 1146 1147
861: 220 638 639 652 653 654 655 896 1146 1147 662 663 738 739 658 709 710 859 1148 1149 1150
862: 220 628 629 630 644 647 648 701 1151 1152
863: 220 625 626 627 628 629 630 631 632 1153
822: 220 792 793 794 844 1154
864: 220 658 659 660 671 1155 1156
651: 220 658 659 660 671 1157
865: 220 792 793 794 795 1158 1159
866: 220 792 815 816 817 1160
867: 220 792 815 816 985 1161
868: 220 792 815 816 817 1160 1162 985 1161 1163 1164
869: 220 792 793 794 795 1158 1159 815 816 817 1160 1162 985 1161 1163 1164 658 659 660 671 1157 1165 1166 1167
870: 220 658 659 660 671 1155 1156 792 793 794 795 1158 1159 815 816 817 1160 1162 985 1161 1163 1164 1157 1165 1166 1167 844 1154 1168 1169 1170
871: 220 658 709 710 711 638 720 1171 1172 1173
872: 220 647 707 708 658 659 756 818 1174 1175
873: 220 628 629 630 644 1176 658 659 660 671 1177 1178
874: 220 792 815 816 817 1179 793 794 795 1180 1181
875: 220 628 629 630 644 1176 658 659 660 671 1177 1178 792 815 816 817 1179 793 794 795 1180 1181 661 1182 1183 1184
876: 220 662 663 664 750 652 783 784 785 1185 1186
877: 220 662 663 664 750 652 783 784 785 1185 1186 638 639 685 686 674 804 805 806 1187 1188 1189
878: 220 674 675 676 677 662 745 746 747 766 1190
----------------------------------------

【xag】
956: 231 647 646 648 649 n1366 666 679 n1367 n1368 665 667 668 n1364 n1365 714 n1369 n1370 n1371 n1374 n1375 n1376 n1372 n1373 n1377 n1378 n1379 n1380
955: 231 666 665 667 668 n1374 646 648 679 n1375 n1376 647 649 n1372 n1373 714 n1377 n1378 n1379
954: 231 666 665 667 668 n1374 646 648 679 n1375 n1376
953: 231 647 646 648 649 n1372 n1373
952: 231 647 646 648 649 n1366 666 679 n1367 n1368 665 667 668 n1364 n1365 714 n1369 n1370 n1371
951: 231 647 646 648 649 n1366 666 679 n1367 n1368
950: 231 666 665 667 668 n1364 n1365
949: 231 674 660 n717 n754 640 671 682 683 n1362 n1363
948: 231 682 719 720 n716 n1358 n1359 n1360 n1361
947: 231 691 665 n772 n773 650 674 675 n743 n1356 n1357
946: 231 637 674 675 n733 665 667 691 692 n1354 n1355
945: 231 705 702 703 704 706 707 n1348 n1076 n1309 n1349 n1350 n1351 n1352 n1353
944: 231 705 702 703 704 706 707 n1348 n1076 n1309 n1349 n1350
943: 231 n1345 660 n717 647 n835 n836 n1097 n1346 n1347
942: 231 691 646 n777 n778 650 674 675 n743 n1343 n1344
941: 231 646 648 666 679 660 661 662 n1341 n1342
940: 231 n737 695 n779 n780 n1324 647 686 n738 n1325 n1326 687 n828 n1327 n1328 n1329 688 n1333 666 n789 n790 n1334 n1335 691 n799 n800 n1330 n831 n1331 n1332 n970 n1336 n1337 n1338 n1339 n1340
939: 231 647 686 687 688 n1333 666 n789 n790 n1334 n1335 691 n799 n800 n1330 n737 n831 n1331 n1332 n970 n1336 n1337 n1338
938: 231 647 686 687 688 n1333 666 n789 n790 n1334 n1335
937: 231 687 691 n799 n800 n1330 n737 666 n789 n831 n1331 n1332
936: 231 n737 695 n779 n780 n1324 647 686 n738 n1325 n1326 687 n828 n1327 n1328 n1329
935: 231 n737 695 n779 n780 n1324 647 686 n738 n1325 n1326
934: 231 647 n835 n836 n1097 637 674 675 n733 n1319 n1320 646 648 695 n874 650 661 711 n1321 n1322 n1323
933: 231 647 n835 n836 n1097 637 674 675 n733 n1319 n1320
932: 231 650 661 711 642 719 720 n843 n1315 n737 666 n789 n831 n1316 n1317 n1318
931: 231 642 719 720 n843 n1315 n737 666 n789 n831 n1316 n1317
930: 231 n1076 n1089 n1090 n1091 n1312 n1309 703 n1310 n1311 n1313 n1314
928: 231 703 n1310 n1311
929: 231 n1309
927: 231 640 671 682 683 n1307 n1308
926: 231 656 640 671 n749 637 674 n739 n740 n1305 n1306
925: 231 637 674 n739 n740 642 719 720 n843 n1260 n1299 640 641 656 657 717 n768 n1259 n1300 n1301 646 648 666 679 n1302 n1303 n1304
924: 231 637 674 n739 n740 642 719 720 n843 n1260 n1299 640 641 656 657 717 n768 n1259 n1300 n1301
923: 231 650 674 675 n743 656 719 720 721 n1283 640 671 n749 n1284 n1285 n1296 637 n739 n740 647 n835 n836 n1097 n1290 n837 n1291 n1292 691 665 n772 n773 n1287 641 682 n1286 n1288 n1289 642 643 n1293 n1294 n1295 n1297 n1298
922: 231 647 n835 n836 n1097 n1290 n837 n1291 n1292 691 665 n772 n773 n1287 640 641 682 n1286 n1288 n1289 642 643 n1293 n1294 n1295
921: 231 647 n835 n836 n1097 n1290 n837 n1291 n1292
920: 231 691 665 n772 n773 n1287 640 641 682 n1286 n1288 n1289
689: 231 640 641 682 n1286
919: 231 656 719 720 721 n1283 640 671 n749 n1284 n1285
918: 231 705 702 703 704 706 707 708 n1088 n1279 n1280 n1281 n1282
917: 231 705 702 703 704 706 707 708 n1088 n1279
916: 231 661 717 718 682 719 720 n1274 n1275 646 648 695 n874 n1276 n1277 n1278
915: 231 682 719 720 n1274 n1275
914: 231 637 674 n739 n740 647 646 648 649 n1272 n1273
913: 231 687 695 n779 n828 637 661 n720 n1270 n1271
912: 231 646 648 691 n721 n1266 n1267 n1268 n1269
911: 231 n737 691 n799 n970 650 651 n1264 n1265
910: 231 637 674 n739 n740 642 719 720 n843 n1260 n1261 640 641 656 657 717 n768 n1259 n1262 n1263
713: 231 637 674 n739 n740 642 719 720 n843 n1260
736: 231 640 641 656 657 717 674 n739 n768 n1259
909: 231 687 695 n779 n828 650 651 674 697 n1257 n1258
908: 231 660 661 662 640 641 656 657 n1255 n1256
907: 231 687 695 n779 n828 674 660 n717 n754 n1253 n1254
906: 231 650 651 674 697 647 646 648 649 n1251 n1252
905: 231 640 671 682 683 n1145 n1242 647 686 687 688 n1241 n1243 n1244 n737 695 n779 n780 n1239 n1240 691 n799 n970 n1149 n1245 n1246 n1247 n800 n1148 n1236 n828 n1142 n1237 n1238 n1233 n738 n1234 n1235 n1248 n1249 n1250
902: 231 640 671 682 683 n1145 n1242 647 686 687 688 n1241 n1243 n1244 n737 695 n779 n780 n1239 n1240 691 n799 n970 n1149 n1245 n1246 n1247
901: 231 640 671 682 683 n1145 n1242 647 686 687 688 n1241 n1243 n1244
662: 231 647 686 687 688 n1241
900: 231 n737 695 n779 n780 n1239 n1240
904: 231 687 691 n799 n800 n1148 n1236 695 n779 n828 n1142 n1237 n1238
903: 231 640 671 682 683 n1233 647 686 n737 n738 n1234 n1235
899: 231 682 640 641 637 674 675 n733 n734 n735 n1232
898: 231 637 661 n720 682 719 720 n716 n1230 n1231
897: 231 650 651 640 641 642 643 n1228 n1229
896: 231 634 705 702 703 704 706 707 n959 n960 n961 n962 n1225 n1226 n1227
895: 231 n1222 640 671 672 673 660 n717 n1223 n1224
894: 231 646 648 695 n874 717 674 n739 n768 n1220 n1221
893: 231 640 671 682 683 660 674 675 676 n1218 n1219
892: 231 637 n759 n760 640 641 642 643 n1216 n1217
891: 231 687 695 n779 n828 637 674 n739 n740 n1211 n1212 660 675 676 691 665 n772 n773 n1203 647 n835 n836 n1097 n1204 n1205 n737 n799 n970 n1206 640 641 642 643 n1207 n1208 n1209 n1210 650 n743 667 692 n1200 646 648 n721 n1201 n1202 n1213 n1214 n1215
890: 231 687 695 n779 n828 637 674 n739 n740 n1211 n1212
888: 231 660 674 675 676 691 665 n772 n773 n1203 647 n835 n836 n1097 n1204 n1205 n737 n799 n970 n1206 640 641 642 643 n1207 n1208 n1209 n1210
887: 231 n737 691 n799 n970 n1206 640 641 642 643 n1207 n1208
886: 231 691 665 n772 n773 n1203 647 n835 n836 n1097 n1204 n1205
889: 231 665 667 691 692 n1200 646 648 n721 n1201 n1202
885: 231 647 n835 n836 n1097 637 638 639 n1198 n1199
884: 231 660 n717 642 719 720 n843 n1186 687 691 n799 n800 n1187 n1188 656 640 671 n749 n1189 666 665 667 668 n1190 n1191 721 n1192 647 646 648 649 n1193 n1194 n1195 n1196 n1197
883: 231 656 719 720 721 n1192 647 646 648 649 n1193 n1194
759: 231 672 719 720 n748 n870 640 671 682 683 n871 n872
748: 231 637 n759 n760 640 641 672 n761 n762 647 665 667 714 n763 n764 646 648 691 n721 n765 n766 n767 674 n739 n740 n777 n778 n781 n737 695 n779 n780 n782 n783 n784 660 675 676 692 n774 n775 n776 n785 n786 650 661 711 n769 717 n768 n770 n771 n772 n773 n787 n788 n852 686 n738 n791 n792 656 671 n749 n793 n794 n795 687 666 n789 n790 662 n796 n797 n798 642 n801 n802 n803 n799 n800 n804 n805 n806 688 n807 n808 n809 n820 n810 n811 657 n812 n813 n814 651 697 668 n815 n816 679 n817 n818 n819 n821 n822 682 719 720 n716 n823 n824 n825 n826 n827 n828 n829 n830 n831 n832 n833 n834 n849 n835 n836 n837 n838 n839 n840 n841 n842 n843 n844 n845 n717 n754 673 n846 n847 n848 n850 n851 n853 n854
725: 231 682 719 720 n716 650 651 674 697 n823 n824 642 640 671 n801 637 n739 n740 n825 n826 n827 687 695 n779 n828 717 n768 n829 n830 n737 666 n789 n831 n832 n833 n834 n849 647 n835 n836 n837 660 675 676 n838 n839 656 n749 n840 n841 n842 n843 n844 n845 n717 n754 672 673 n846 n847 n848 n850 n851
715: 231 642 719 720 n843 637 674 n739 n740 n844 n845 660 n717 n754 640 671 672 673 n846 n847 n848
714: 231 642 719 720 n843 637 674 n739 n740 n844 n845
712: 231 642 719 720 n843
711: 231 647 n835 n836 n837 660 674 675 676 n838 n839 656 640 671 n749 637 n739 n740 n840 n841 n842
710: 231 647 n835 n836 n837 660 674 675 676 n838 n839
709: 231 647 n835 n836 n837
708: 231 647 n835 n836
724: 231 687 695 n779 n828 717 674 n739 n768 n829 n830 n737 666 n789 n831 637 n740 n832 n833 n834
723: 231 n737 666 n789 n831
722: 231 687 695 n779 n828 717 674 n739 n768 n829 n830
719: 231 687 695 n779 n828
718: 231 682 719 720 n716 650 651 674 697 n823 n824 642 640 671 n801 637 n739 n740 n825 n826 n827
716: 231 682 719 720 n716 650 651 674 697 n823 n824
747: 231 647 686 n737 n738 650 661 711 n791 n792 656 640 671 n749 n793 n794 n795 687 666 n789 n790 660 662 n796 n797 n798 642 n801 n802 n803 691 n799 n800 n804 n805 n806 688 n807 n808 n809 n820 637 674 n739 n740 n810 n811 717 n768 641 657 n812 n813 n814 651 697 665 667 668 n815 n816 646 648 679 n817 n818 n819 n821 n822
739: 231 650 651 674 697 666 665 667 668 n815 n816 637 n739 n740 646 648 679 n817 n818 n819
738: 231 650 651 674 697 666 665 667 668 n815 n816
737: 231 687 691 n799 n800 637 674 n739 n740 n810 n811 717 n768 640 641 656 657 n812 n813 n814
735: 231 687 691 n799 n800 637 674 n739 n740 n810 n811
746: 231 642 640 671 n801 650 661 711 n802 n803 687 691 n799 n800 n804 n805 n806 647 686 688 n807 n808 n809
745: 231 642 640 671 n801 650 661 711 n802 n803 687 691 n799 n800 n804 n805 n806
744: 231 642 640 671 n801 650 661 711 n802 n803
717: 231 642 640 671 n801
734: 231 687 691 n799 n800
655: 231 691 n799
743: 231 647 686 n737 n738 650 661 711 n791 n792 656 640 671 n749 n793 n794 n795 687 666 n789 n790 660 662 n796 n797 n798
742: 231 647 686 n737 n738 650 661 711 n791 n792 656 640 671 n749 n793 n794 n795
741: 231 647 686 n737 n738 650 661 711 n791 n792
740: 231 687 666 n789 n790
640: 231 666 n789
733: 231 637 674 n739 n740 691 646 n777 n778 n781 n737 695 n779 n780 n782 n783 n784 660 675 676 665 667 692 n774 648 n721 n775 n776 n785 n786 650 661 711 n769 717 n768 n770 n771 n772 n773 n787 n788
732: 231 637 674 n739 n740 691 646 n777 n778 n781 n737 695 n779 n780 n782 n783 n784 660 675 676 665 667 692 n774 648 n721 n775 n776 n785 n786
731: 231 691 646 n777 n778 n781 n737 695 n779 n780 n782 n783
730: 231 n737 695 n779 n780
659: 231 695 n779
729: 231 691 646 n777 n778
728: 231 665 667 691 692 n774 646 648 n721 n775 n776
727: 231 691 665 n772 n773
726: 231 650 661 711 n769 717 674 n739 n768 n770 n771
721: 231 717 674 n739 n768
707: 231 637 n759 n760 640 641 672 n761 n762 647 665 667 714 n763 n764 646 648 691 n721 n765 n766 n767
706: 231 640 641 672 n761 n762 647 665 667 714 n763 n764
705: 231 640 641 672 n761
704: 231 637 n759 n760
703: 231 637 674 n739 n740 647 686 687 688 n757 n758
702: 231 674 660 n717 n754 682 719 720 n716 n755 n756
680: 231 674 660 n717 n754
701: 231 661 717 718 656 640 671 n749 n750 672 719 720 n748 n751 n752 n753
700: 231 656 640 671 n749 n750 672 719 720 n748 n751 n752
699: 231 656 640 671 n749
698: 231 672 719 720 n748
697: 231 640 671 682 683 660 674 675 676 n746 n747
696: 231 650 674 675 n743 646 648 666 679 n744 n745
695: 231 650 674 675 n743
694: 231 637 674 n739 n740 647 686 n737 n738 n741 n742
692: 231 637 674 n739 n740
693: 231 647 686 n737 n738
691: 231 682 640 641 637 674 675 n733 n734 n735 n736
690: 231 682 640 641 637 674 675 n733 n734 n735
755: 231 717 674 n739 n768 642 719 720 n843 n866 665 667 691 692 n867 n868 n869
628: 231 647 686
687: 231 640 671 682 683 660 661 662 n731 n732
650: 231 640 671 682 683
649: 231 646 648 666 679 660 661 662 680 681
648: 231 646 648 666 679
647: 231 660 674 675 676 640 671 672 673 677 678
644: 231 660 674 675 676
643: 231 674
646: 231 640 671 672 673
645: 231 640 671
642: 231 666 665 667 668 669 670
641: 231 666 665 667 668
639: 231 665
638: 231 660 661 662 647 646 648 649 663 664
637: 231 660 661 662
749: 231 647 n835 n836 n837 661 717 718 n855 n856
622: 231
879: 231 637 674 n739 n740 647 686 687 688 n1178 n1179 717 n768 640 641 642 643 n1180 n1181 n1182
681: 231 674 682 719 720 n716 660 n717 n718 n719
635: 231 640 641 656 657
652: 231 640 671 682 683 684 685
750: 231 n857 650 651 646 648 666 679 n858 n859
623: 231 634 635 636
880: 231 637 674 n739 n740 647 686 687 688 n1178 n1179 717 n768 640 641 642 643 n1180 n1181 n1182 691 665 n772 n773 650 675 n743 n1173 n1174 666 n789 n790 651 697 n1175 n1176 n1177 660 676 n799 n800 n1167 n737 695 n779 n780 n1168 n1169 671 682 683 n1164 656 657 n1165 n1166 672 673 n1170 n1171 n1172 n1183 n1184 n1185
682: 231 637 661 n720
636: 231 640 641 656 657 658 659
653: 231 647 686 687 688
751: 231 n737 666 n789 n831 637 674 n739 n740 n860 n861
624: 231 637 638 639
881: 231 642 719 720 n843 n1186 687 691 n799 n800 n1187 n1188
683: 231 646 648 691 n721
752: 231 717 674 n739 n768 640 641 656 657 n862 n863
625: 231 640 641
882: 231 656 640 671 n749 n1189 666 665 667 668 n1190 n1191
684: 231 661 717 718 646 648 691 n721 n722 n723 n724
753: 231 647 n835 n836 n837 650 674 675 n743 n864 n865
626: 231 640 641 642 643
685: 231 661 717 718 646 648 691 n721 n722 n723 n724 637 n720 647 686 687 688 n725 n726 n727
754: 231 642 719 720 n843 n866 665 667 691 692 n867 n868
627: 231 640 641 642 643 637 638 639 644 645
686: 231 661 717 718 666 665 667 668 722 656 719 720 721 n711 n712 646 648 679 n713 n714 n715 691 n721 n722 n723 n724 637 n720 647 686 687 688 n725 n726 n727 674 682 n716 660 n717 n718 n719 n728 n729 n730
629: 231 646
688: 231 637 674 675 n733
630: 231 647 646 648 649
631: 231 650 651
633: 231 652 647 646 648 649 650 651 653 654
634: 231 655
654: 231 647 686 687 688 689 690
656: 231 665 667 691 692
657: 231 665 667 691 692 660 674 675 676 693 694
660: 231 665 667 695 696
658: 231 650 651 674 697
661: 231 650 651 674 697 665 667 695 696 698 699
663: 231 647 686 687 688 700 701
665: 231 702 703 704
666: 231 705 702 703 704 706 707
667: 231 634 705 702 703 704 706 707 708 709
668: 231 634 705 702 703 704 706 707 708 709 710
669: 231 650 661 711
670: 231 650 661 711 647 686 687 688 712 713
671: 231 647 665 667 714
672: 231 647 665 667 714 715 716
673: 231 661 717 718
674: 231 719 720
675: 231 656 719 720 721
676: 231 666 665 667 668 722 656 719 720 721 n711 n712
677: 231 661 717 718 666 665 667 668 722 656 719 720 721 n711 n712 646 648 679 n713 n714 n715
678: 231 682 719 720 n716
679: 231 660 n717
632: 231 650 n759 n873
756: 231 646 648 695 n874
757: 231 656 719 720 721 n875 647 665 667 714 n876 n877
758: 231 650 n759 n873 656 719 720 721 n875 647 665 667 714 n876 n877 646 648 695 n874 n878 n879 n880
760: 231 666 665 667 668 650 651 n881 n882
220: 231
761: 231 647 646 648 649 650 651 653 n883 n884
762: 231 647 646 648 649 650 651 653 n883 n884 674 697 665 667 691 692 n885 n886 n887
763: 231 647 646 648 649 650 651 653 n883 n884 674 697 665 667 691 692 n885 n886 n887 666 668 n881 n882 n888 n889 n890
764: 231 647 646 648 649 650 651 653 n883 n884 674 697 665 667 691 692 n885 n886 n887 666 668 n881 n882 n888 n889 n890 n759 n873 656 719 720 721 n875 714 n876 n877 695 n874 n878 n879 n880 637 675 n733 672 n748 n870 640 671 682 683 n871 n872 n891 n892 n893
765: 231 646 648 666 679 n894 n895
766: 231 640 641 656 657 n896 647 646 648 649 n897 n898
767: 231 691 665 n772 n773 n899 640 641 642 643 n900 n901
768: 231 660 n717 n902 n903
769: 231 691 646 n777 n778 660 n717 n902 n903 661 662 n904 n905 n906
770: 231 691 646 n777 n778 660 n717 n902 n903 661 662 n904 n905 n906 642 640 671 n801 674 n754 n907 n908 n909
771: 231 691 646 n777 n778 660 n717 n902 n903 661 662 n904 n905 n906 642 640 671 n801 674 n754 n907 n908 n909 641 656 657 n896 647 648 649 n897 n898 665 n772 n773 n899 643 n900 n901 n910 n911 n912
772: 231 674 675 717 n913
773: 231 647 n835 n836 n837 n914 656 719 720 721 n915 n916
774: 231 674 675 717 n913 647 n835 n836 n837 n914 656 719 720 721 n915 n916 646 648 666 679 n917 n918 n919
775: 231 665 667 695 696 n920 n737 n779 n780 n921 n922
776: 231 640 641 672 n761 n923 665 667 695 696 n924 n925
777: 231 672 719 720 n748 637 661 n720 n926 n927
778: 231 674 n928 660 n717 647 n835 n836 n837 n929 n930
779: 231 674 n928 660 n717 647 n835 n836 n837 n929 n930 672 719 720 n748 637 661 n720 n926 n927 n754 640 641 n761 n923 665 667 695 696 n924 n925 n931 n932 n933
780: 231 674 675 717 n913 647 n835 n836 n837 n914 656 719 720 721 n915 n916 646 648 666 679 n917 n918 n919 n928 660 n717 n929 n930 672 n748 637 661 n720 n926 n927 n754 640 641 n761 n923 665 667 695 696 n924 n925 n931 n932 n933 650 651 697 n920 n737 n779 n780 n921 n922 n934 n935 n936
781: 231 672 719 720 n748 660 n717 n937 n938
782: 231 717 n759 n939
783: 231 717 n759 n939 642 719 720 n843 n940 n941
784: 231 691 646 n777 n778 650 651 n942 n943
785: 231 646 648 666 679 n944 672 719 720 n748 n945 n946
786: 231 660 n717 646 648 666 679 n944 672 719 720 n748 n945 n946 n737 n789 n831 n947 n948 n949
787: 231 n737 695 n779 n780 n950 646 648 666 679 n951 n952
788: 231 637 674 675 n733 n737 695 n779 n780 n950 646 648 666 679 n951 n952 647 649 n953 n954 n955
789: 231 637 674 675 n733 n737 695 n779 n780 n950 646 648 666 679 n951 n952 647 649 n953 n954 n955 691 n777 n778 650 651 n942 n943 660 n717 n944 672 719 720 n748 n945 n946 n789 n831 n947 n948 n949 n956 n957 n958
790: 231 n959 n960
791: 231 634 705 702 703 704 706 707 n959 n960 n961 n962
792: 231 634 705 702 703 704 706 707 n959 n960 n961 n962 n963 n964 n965
793: 231 637 n759 n760 647 646 648 649 n966 n967
794: 231 691 665 n772 n773 650 651 n968 n969
795: 231 n737 691 n799 n970
796: 231 691 665 n772 n773 650 651 n968 n969 n737 n799 n970 660 n717 n971 n972 n973
797: 231 691 665 n772 n773 650 651 n968 n969 n737 n799 n970 660 n717 n971 n972 n973 640 641 642 643 n974 n975 n976
798: 231 660 n717 640 671 672 673 n977 n978
799: 231 660 n717 640 671 672 673 n977 n978 691 646 n777 n778 650 651 n979 n980 n981
800: 231 640 671 672 673 n982 682 683 n983 n984
801: 231 665 667 695 696 n985 646 648 666 679 n986 n987
802: 231 650 651 640 671 672 673 n982 682 683 n983 n984 665 667 695 696 n985 646 648 666 679 n986 n987 n988 n989
803: 231 647 n835 n836 n837 n990 642 640 671 n801 n991 n992
804: 231 640 641 656 657 n993 646 648 691 n721 n994 n995
805: 231 672 719 720 n748 n996 646 648 666 679 n997 n998
806: 231 660 n717 672 719 720 n748 n996 646 648 666 679 n997 n998 n737 n789 n831 n999 n1000 n1001
807: 231 660 n717 672 719 720 n748 n996 646 648 666 679 n997 n998 n737 n789 n831 n999 n1000 n1001 650 651 647 n835 n836 n837 n990 642 640 671 n801 n991 n992 641 656 657 n993 691 n721 n994 n995 n1002 n1003 n1004
808: 231 691 665 n772 n773 650 651 n968 n969 n737 n799 n970 660 n717 n971 n972 n973 640 641 642 643 n974 n975 n976 671 672 673 n977 n978 646 n777 n778 n979 n980 n981 n1005 n982 682 683 n983 n984 667 695 696 n985 648 666 679 n986 n987 n988 n989 719 720 n748 n996 n997 n998 n789 n831 n999 n1000 n1001 647 n835 n836 n837 n990 n801 n991 n992 656 657 n993 n721 n994 n995 n1002 n1003 n1004 n1006 n1007
809: 231 647 686 687 688 n1008 n1009
810: 231 637 661 n720 682 719 720 n716 n1010 n1011
811: 231 n737 666 n789 n831 n1012 n1013
812: 231 640 641 656 657 n1014 n1015 n1016 n1017
813: 231 647 665 667 714 n1018 n1019 n1020 n1021
817: 231 640 641 672 n761 n1022 665 667 695 696 n1023 n1024
818: 231 637 674 n739 n740 640 641 672 n761 n1022 665 667 695 696 n1023 n1024 646 648 691 n721 n1025 n1026 n1027
814: 231 647 665 667 714 n1028 n737 691 n799 n970 n1029 n1030
815: 231 n737 666 n789 n831 n1031 640 671 672 673 n1032 n1033
816: 231 n737 666 n789 n831 n1031 640 671 672 673 n1032 n1033 647 665 667 714 n1028 691 n799 n970 n1029 n1030 695 696 n1034 n1035 n1036
819: 231 674 675 717 n913 647 686 n737 n738 n1037 n1038
820: 231 637 674 n739 n740 640 641 672 n761 n1022 665 667 695 696 n1023 n1024 646 648 691 n721 n1025 n1026 n1027 675 717 n913 647 686 n737 n738 n1037 n1038 650 n743 666 n789 n831 n1031 671 673 n1032 n1033 714 n1028 n799 n970 n1029 n1030 n1034 n1035 n1036 n1039 n1040 n1041
821: 231 637 674 n739 n740 640 641 642 643 n1042 n1043
823: 231 687 695 n779 n828 n1044 n1045
824: 231 642 640 671 n801 n1046 n1047
825: 231 660 n717 647 n835 n836 n837 n929 n1048 n1049
826: 231 656 719 720 721 n1050 647 646 648 649 n1051 n1052
827: 231 660 656 719 720 721 n1050 647 646 648 649 n1051 n1052 n1053 n1054
830: 231 687 666 n789 n790 n1055 n737 695 n779 n780 n1056 n1057
828: 231 642 719 720 n843 n1058 656 640 671 n749 n1059 n1060
829: 231 650 651 674 697 642 719 720 n843 n1058 656 640 671 n749 n1059 n1060 672 n748 n1061 n1062 n1063
831: 231 637 674 n739 n740 665 667 691 692 n1064 n1065
832: 231 637 674 n739 n740 665 667 691 692 n1064 n1065 675 717 n913 672 719 720 n748 n1066 n1067 n1068
833: 231 637 674 n739 n740 665 667 691 692 n1064 n1065 675 717 n913 672 719 720 n748 n1066 n1067 n1068 650 651 697 642 n843 n1058 656 640 671 n749 n1059 n1060 n1061 n1062 n1063 n743 687 666 n789 n790 n1055 n737 695 n779 n780 n1056 n1057 n1069 n1070 n1071
834: 231 647 686 687 688 637 638 639 n1072 n1073
664: 231 n1074 n1075
835: 231 n1076
836: 231 n1077 n1078 n1079
837: 231 n959 n960 n1074 n1075 n1080 n1076 n1077 n1078 n1079 n1081 n1082
838: 231 n959 n960 n1074 n1075 n1080 n1076 n1077 n1078 n1079 n1081 n1082 n1083 n1084 n1085
839: 231 717 n759 n939 647 686 n737 n738 n1086 n1087
841: 231 n1088
840: 231 n1089 n1090 n1091
842: 231 n959 n1092
843: 231 702 703 704 n1088 n1093 n1089 n1090 n1091 n959 n1092 n1094 n1095
844: 231 634 705 702 703 704 706 707 708 709 n1096
845: 231 647 n835 n836 n1097
846: 231 647 n835 n836 n1097 650 674 675 n743 n1098 n1099
847: 231 646 648 691 n721 n1100 n1101
848: 231 n1102 660 n717 656 640 671 n749 n1103 n1104
849: 231 717 674 n739 n768 656 640 671 n749 n1105 n1106
850: 231 717 n759 n939 672 719 720 n748 n1107 n1108
851: 231 665 667 695 696 637 638 639 n1109 n1110
852: 231 642 640 671 n801 637 674 n739 n740 n1111 n1112
853: 231 647 686 n737 n738 637 661 n720 n1113 n1114
854: 231 717 674 n739 n768 640 671 682 683 n1115 n1116
855: 231 n1117 650 651 646 648 695 n874 n1118 n1119
720: 231 717 n1120
856: 231 n1121 640 641 642 643 717 n1120 n1122 n1123
857: 231 n1121 640 641 642 643 717 n1120 n1122 n1123 647 n835 n836 n1097 637 638 639 n1124 n1125 n1126
858: 231 717 n759 n939 647 646 648 649 n1127 n1128
859: 231 n1129 640 671 682 683 717 n1120 n1130 n1131
860: 231 n1132 650 651 666 665 667 668 n1133 n1134
861: 231 n1132 650 651 666 665 667 668 n1133 n1134 642 719 720 n843 637 674 675 n733 n1135 n1136 n1137
862: 231 650 661 711 640 641 656 657 n1138 n1139
863: 231 640 641 642 643 637 638 639 n1140 n1141
822: 231 687 695 n779 n828 n1142
864: 231 640 671 682 683 n1143 n1144
651: 231 640 671 682 683 n1145
865: 231 n737 695 n779 n780 n1146 n1147
866: 231 687 691 n799 n800 n1148
867: 231 n737 691 n799 n970 n1149
868: 231 n737 691 n799 n970 n1149 n1150 687 n800 n1148 n1151 n1152
869: 231 n737 691 n799 n970 n1149 n1150 687 n800 n1148 n1151 n1152 695 n779 n780 n1146 n1147 640 671 682 683 n1145 n1153 n1154 n1155
870: 231 n737 691 n799 n970 n1149 n1150 687 n800 n1148 n1151 n1152 695 n779 n780 n1146 n1147 640 671 682 683 n1145 n1153 n1154 n1155 n1143 n1144 n828 n1142 n1156 n1157 n1158
871: 231 n1159 656 719 720 721 660 n717 n1160 n1161
872: 231 642 640 671 n801 661 717 718 n1162 n1163
873: 231 640 671 682 683 n1164 641 656 657 n1165 n1166
874: 231 687 691 n799 n800 n1167 n737 695 n779 n780 n1168 n1169
875: 231 687 691 n799 n800 n1167 n737 695 n779 n780 n1168 n1169 640 671 682 683 n1164 641 656 657 n1165 n1166 672 673 n1170 n1171 n1172
876: 231 691 665 n772 n773 650 674 675 n743 n1173 n1174
877: 231 691 665 n772 n773 650 674 675 n743 n1173 n1174 687 666 n789 n790 651 697 n1175 n1176 n1177
878: 231 637 674 n739 n740 647 686 687 688 n1178 n1179
----------------------------------------

【mig】
956: 231 n653 n652 n654 n655 n1382 n1383 n634 n667 n668 n635 n636 n637 n1384 n1385 n1386 n1387 n708 n709 n1388 n1389 n1390 n1391 n1392 n1393 n1394 n1395 n1396 n1397 n1398
955: 231 n635 n634 n636 n637 n1390 n1391 n653 n667 n668 n652 n654 n655 n1392 n1393 n1394 n1395 n708 n709 n1396 n1397
954: 231 n653 n634 n667 n668 n652 n654 n655 n1392 n1393 n1394
953: 231 n635 n634 n636 n637 n1390 n1391
952: 231 n653 n652 n654 n655 n1382 n1383 n634 n667 n668 n635 n636 n637 n1384 n1385 n1386 n1387 n708 n709 n1388 n1389
951: 231 n653 n634 n667 n668 n635 n636 n637 n1384 n1385 n1386
950: 231 n653 n652 n654 n655 n1382 n1383
949: 231 n658 n659 n660 n671 n638 n726 n768 n769 n1380 n1381
948: 231 n658 n715 n724 n725 n1377 n1378 n1379
947: 231 n703 n662 n755 n756 n680 n652 n789 n790 n1198 n1376
946: 231 n680 n652 n681 n682 n625 n662 n744 n745 n1374 n1375
945: 231 n697 n694 n695 n696 n698 n699 n1368 n1100 n1329 n1369 n1370 n1371 n1372 n1373
944: 231 n697 n694 n695 n696 n698 n699 n1368 n1100 n1329 n1369 n1370
943: 231 n1365 n638 n726 n635 n856 n857 n1122 n1366 n1367
942: 231 n703 n662 n755 n756 n680 n634 n794 n795 n1363 n1364
941: 231 n647 n648 n649 n653 n634 n667 n668 n669 n1362
940: 231 n674 n675 n676 n750 n796 n797 n798 n799 n1345 n1346 n1347 n849 n1348 n1349 n1350 n808 n809 n852 n819 n820 n821 n1351 n1352 n1353 n810 n677 n1354 n1355 n1356 n1357 n995 n1358 n1359 n1360 n1361
939: 231 n674 n808 n809 n852 n796 n819 n820 n821 n1351 n1352 n1353 n810 n675 n676 n677 n1354 n1355 n1356 n1357 n995 n1358 n1359
938: 231 n674 n808 n809 n810 n675 n676 n677 n1354 n1355 n1356
937: 231 n674 n808 n809 n852 n796 n819 n820 n821 n1351 n1352 n1353
936: 231 n674 n675 n676 n750 n796 n797 n798 n799 n1345 n1346 n1347 n849 n1348 n1349 n1350
935: 231 n674 n675 n676 n750 n796 n797 n798 n799 n1345 n1346 n1347
934: 231 n625 n662 n744 n745 n635 n856 n857 n1122 n1340 n1341 n703 n704 n705 n1342 n685 n634 n896 n897 n1343 n1344
933: 231 n625 n662 n744 n745 n635 n856 n857 n1122 n1340 n1341
932: 231 n703 n704 n705 n674 n808 n809 n852 n658 n715 n716 n864 n1336 n1337 n1338 n1339
931: 231 n674 n808 n809 n852 n658 n715 n716 n864 n1336 n1337 n1338
930: 231 n1100 n1113 n1114 n1115 n1333 n1329 n1330 n1331 n1332 n1334 n1335
928: 231 n1330 n1331 n1332
929: 231 n1329
927: 231 n658 n659 n660 n671 n1327 n1328
926: 231 n625 n662 n751 n752 n658 n659 n762 n763 n1325 n1326
925: 231 n628 n629 n630 n644 n712 n662 n784 n785 n883 n625 n751 n752 n658 n715 n716 n864 n865 n1319 n1320 n1321 n653 n634 n667 n668 n1322 n1323 n1324
924: 231 n628 n629 n630 n644 n712 n662 n784 n785 n883 n625 n751 n752 n658 n715 n716 n864 n865 n1319 n1320 n1321
923: 231 n628 n629 n776 n1306 n680 n652 n789 n790 n1307 n1308 n1309 n635 n856 n857 n858 n1122 n1310 n1311 n1312 n1313 n630 n631 n1314 n1315 n703 n662 n755 n756 n658 n659 n762 n763 n715 n716 n717 n1303 n1304 n1305 n1316 n625 n751 n752 n1317 n1318
922: 231 n628 n629 n776 n1306 n680 n652 n789 n790 n1307 n1308 n1309 n635 n856 n857 n858 n1122 n1310 n1311 n1312 n1313 n630 n631 n1314 n1315
921: 231 n635 n856 n857 n858 n1122 n1310 n1311 n1312
920: 231 n628 n629 n776 n1306 n680 n652 n789 n790 n1307 n1308 n1309
689: 231 n628 n629 n776 n1306
919: 231 n658 n659 n762 n763 n715 n716 n717 n1303 n1304 n1305
918: 231 n1112 n697 n694 n695 n696 n698 n699 n1298 n1299 n1300 n1301 n1302
917: 231 n1112 n697 n694 n695 n696 n698 n699 n1298 n1299
916: 231 n712 n713 n714 n746 n658 n715 n1293 n1294 n685 n634 n896 n897 n1295 n1296 n1297
915: 231 n746 n658 n715 n1293 n1294
914: 231 n635 n634 n636 n637 n625 n662 n751 n752 n1291 n1292
913: 231 n625 n729 n730 n796 n797 n798 n849 n1289 n1290
912: 231 n680 n634 n731 n732 n1286 n1287 n1288
911: 231 n638 n639 n796 n819 n820 n995 n1284 n1285
910: 231 n628 n629 n630 n644 n712 n662 n784 n785 n883 n625 n751 n752 n658 n715 n716 n864 n865 n1281 n1282 n1283
713: 231 n625 n662 n751 n752 n658 n715 n716 n864 n865
736: 231 n628 n629 n630 n644 n712 n662 n784 n785 n883
909: 231 n638 n639 n688 n689 n796 n797 n798 n849 n1279 n1280
908: 231 n628 n629 n630 n644 n647 n648 n649 n1277 n1278
907: 231 n638 n726 n768 n769 n796 n797 n798 n849 n1275 n1276
906: 231 n635 n634 n636 n637 n638 n639 n688 n689 n1273 n1274
905: 231 n796 n797 n798 n849 n1167 n819 n820 n821 n1173 n1258 n1259 n1260 n799 n1261 n1262 n674 n675 n676 n677 n1263 n658 n659 n660 n671 n1170 n1264 n1265 n1266 n1267 n995 n1174 n1268 n1269 n1270 n750 n1255 n1256 n1257 n1271 n1272
902: 231 n796 n797 n798 n799 n1261 n1262 n674 n675 n676 n677 n1263 n658 n659 n660 n671 n1170 n1264 n1265 n1266 n1267 n819 n820 n995 n1174 n1268 n1269
901: 231 n674 n675 n676 n677 n1263 n658 n659 n660 n671 n1170 n1264 n1265 n1266
662: 231 n674 n675 n676 n677 n1263
900: 231 n796 n797 n798 n799 n1261 n1262
904: 231 n796 n797 n798 n849 n1167 n819 n820 n821 n1173 n1258 n1259 n1260
903: 231 n674 n675 n676 n750 n658 n659 n660 n671 n1255 n1256 n1257
899: 231 n746 n628 n629 n625 n662 n744 n745 n747 n748 n1254
898: 231 n658 n715 n724 n725 n625 n729 n730 n1035 n1253
897: 231 n628 n629 n630 n631 n638 n639 n1251 n1252
896: 231 n622 n697 n694 n695 n696 n698 n699 n985 n986 n987 n1248 n1249 n1250
895: 231 n1245 n658 n659 n660 n661 n638 n726 n1246 n1247
894: 231 n712 n662 n784 n785 n685 n634 n896 n897 n1243 n1244
893: 231 n647 n662 n663 n664 n658 n659 n660 n671 n759 n1242
892: 231 n628 n629 n630 n631 n625 n774 n775 n1240 n1241
891: 231 n647 n662 n663 n664 n635 n856 n857 n1122 n680 n652 n789 n790 n1227 n1228 n1229 n628 n629 n630 n631 n796 n819 n820 n995 n1230 n1231 n1232 n1233 n1234 n625 n751 n752 n797 n798 n849 n1235 n1236 n1237 n703 n755 n756 n634 n731 n732 n681 n682 n1224 n1225 n1226 n1238 n1239
890: 231 n625 n662 n751 n752 n796 n797 n798 n849 n1235 n1236
888: 231 n647 n662 n663 n664 n635 n856 n857 n1122 n680 n652 n789 n790 n1227 n1228 n1229 n628 n629 n630 n631 n796 n819 n820 n995 n1230 n1231 n1232 n1233 n1234
887: 231 n628 n629 n630 n631 n796 n819 n820 n995 n1230 n1231 n1232
886: 231 n635 n856 n857 n1122 n680 n652 n789 n790 n1227 n1228 n1229
889: 231 n680 n634 n731 n732 n652 n681 n682 n1224 n1225 n1226
885: 231 n625 n626 n627 n635 n856 n857 n1122 n1222 n1223
884: 231 n638 n726 n653 n652 n654 n655 n658 n659 n762 n763 n1213 n1214 n1215 n635 n634 n636 n637 n715 n716 n717 n1216 n1217 n1218 n1219 n796 n819 n820 n821 n864 n1210 n1211 n1212 n1220 n1221
883: 231 n635 n634 n636 n637 n658 n715 n716 n717 n1216 n1217 n1218
759: 231 n658 n659 n660 n671 n715 n724 n761 n891 n892 n893
748: 231 n625 n774 n775 n635 n652 n708 n709 n628 n629 n776 n777 n778 n779 n780 n680 n634 n731 n732 n781 n782 n783 n681 n682 n791 n792 n793 n662 n751 n752 n796 n797 n798 n799 n794 n795 n800 n801 n802 n803 n647 n663 n664 n804 n805 n712 n784 n785 n703 n704 n705 n786 n787 n788 n789 n790 n806 n807 n873 n674 n675 n676 n750 n811 n812 n813 n658 n659 n762 n763 n814 n815 n648 n649 n816 n808 n809 n810 n817 n818 n822 n823 n824 n825 n819 n820 n821 n826 n827 n677 n828 n829 n830 n841 n831 n832 n630 n644 n833 n834 n835 n653 n654 n655 n638 n639 n688 n689 n836 n837 n667 n668 n838 n839 n840 n842 n843 n715 n724 n725 n844 n845 n846 n847 n848 n849 n850 n851 n853 n852 n854 n855 n870 n856 n857 n858 n859 n860 n861 n862 n863 n716 n864 n865 n866 n660 n661 n867 n726 n768 n769 n868 n869 n871 n872 n874 n875
725: 231 n638 n639 n688 n689 n658 n715 n724 n725 n844 n845 n625 n662 n751 n752 n846 n659 n762 n822 n847 n848 n712 n784 n785 n796 n797 n798 n849 n850 n851 n853 n674 n808 n809 n852 n854 n855 n870 n647 n663 n664 n635 n856 n857 n858 n859 n860 n861 n763 n862 n863 n716 n864 n865 n866 n660 n661 n867 n726 n768 n769 n868 n869 n871 n872
715: 231 n625 n662 n751 n752 n658 n715 n716 n864 n865 n866 n659 n660 n661 n867 n638 n726 n768 n769 n868 n869
714: 231 n625 n662 n751 n752 n658 n715 n716 n864 n865 n866
712: 231 n658 n715 n716 n864
711: 231 n647 n662 n663 n664 n635 n856 n857 n858 n859 n860 n625 n751 n752 n861 n658 n659 n762 n763 n862 n863
710: 231 n647 n662 n663 n664 n635 n856 n857 n858 n859 n860
709: 231 n635 n856 n857 n858
708: 231 n635 n856 n857
724: 231 n712 n662 n784 n785 n796 n797 n798 n849 n850 n851 n625 n751 n752 n853 n674 n808 n809 n852 n854 n855
723: 231 n674 n808 n809 n852
722: 231 n712 n662 n784 n785 n796 n797 n798 n849 n850 n851
719: 231 n796 n797 n798 n849
718: 231 n638 n639 n688 n689 n658 n715 n724 n725 n844 n845 n625 n662 n751 n752 n846 n659 n762 n822 n847 n848
716: 231 n638 n639 n688 n689 n658 n715 n724 n725 n844 n845
747: 231 n703 n704 n705 n674 n675 n676 n750 n811 n812 n813 n658 n659 n762 n763 n814 n815 n647 n648 n649 n816 n808 n809 n810 n817 n818 n822 n823 n824 n825 n796 n819 n820 n821 n826 n827 n677 n828 n829 n830 n841 n625 n662 n751 n752 n831 n832 n628 n629 n630 n644 n833 n712 n784 n785 n834 n835 n653 n652 n654 n655 n638 n639 n688 n689 n836 n837 n634 n667 n668 n838 n839 n840 n842 n843
739: 231 n653 n652 n654 n655 n638 n639 n688 n689 n836 n837 n634 n667 n668 n838 n625 n662 n751 n752 n839 n840
738: 231 n653 n652 n654 n655 n638 n639 n688 n689 n836 n837
737: 231 n625 n662 n751 n752 n796 n819 n820 n821 n831 n832 n628 n629 n630 n644 n833 n712 n784 n785 n834 n835
735: 231 n625 n662 n751 n752 n796 n819 n820 n821 n831 n832
746: 231 n703 n704 n705 n658 n659 n762 n822 n823 n824 n825 n796 n819 n820 n821 n826 n827 n674 n675 n676 n677 n828 n829 n830
745: 231 n703 n704 n705 n658 n659 n762 n822 n823 n824 n825 n796 n819 n820 n821 n826 n827
744: 231 n703 n704 n705 n658 n659 n762 n822 n823 n824
717: 231 n658 n659 n762 n822
734: 231 n796 n819 n820 n821
655: 231 n796 n819
743: 231 n703 n704 n705 n674 n675 n676 n750 n811 n812 n813 n658 n659 n762 n763 n814 n815 n647 n648 n649 n816 n808 n809 n810 n817 n818
742: 231 n703 n704 n705 n674 n675 n676 n750 n811 n812 n813 n658 n659 n762 n763 n814 n815
741: 231 n703 n704 n705 n674 n675 n676 n750 n811 n812
740: 231 n674 n808 n809 n810
640: 231 n674 n808
733: 231 n680 n634 n731 n732 n652 n681 n682 n791 n792 n793 n625 n662 n751 n752 n796 n797 n798 n799 n794 n795 n800 n801 n802 n803 n647 n663 n664 n804 n805 n712 n784 n785 n703 n704 n705 n786 n787 n788 n789 n790 n806 n807
732: 231 n680 n634 n731 n732 n652 n681 n682 n791 n792 n793 n625 n662 n751 n752 n796 n797 n798 n799 n794 n795 n800 n801 n802 n803 n647 n663 n664 n804 n805
731: 231 n796 n797 n798 n799 n680 n634 n794 n795 n800 n801 n802
730: 231 n796 n797 n798 n799
659: 231 n796 n797
729: 231 n680 n634 n794 n795
728: 231 n680 n634 n731 n732 n652 n681 n682 n791 n792 n793
727: 231 n680 n652 n789 n790
726: 231 n712 n662 n784 n785 n703 n704 n705 n786 n787 n788
721: 231 n712 n662 n784 n785
707: 231 n625 n774 n775 n635 n652 n708 n709 n628 n629 n776 n777 n778 n779 n780 n680 n634 n731 n732 n781 n782 n783
706: 231 n635 n652 n708 n709 n628 n629 n776 n777 n778 n779 n780
705: 231 n628 n629 n776 n777
704: 231 n625 n774 n775
703: 231 n674 n675 n676 n677 n625 n662 n751 n752 n772 n773
702: 231 n658 n715 n724 n725 n638 n726 n768 n769 n770 n771
680: 231 n638 n726 n768 n769
701: 231 n712 n713 n714 n658 n715 n724 n761 n659 n762 n763 n764 n765 n766 n767
700: 231 n658 n715 n724 n761 n659 n762 n763 n764 n765 n766
699: 231 n658 n659 n762 n763
698: 231 n658 n715 n724 n761
697: 231 n647 n662 n663 n664 n658 n659 n660 n671 n759 n760
696: 231 n653 n634 n667 n668 n703 n662 n755 n756 n757 n758
695: 231 n703 n662 n755 n756
694: 231 n674 n675 n676 n750 n625 n662 n751 n752 n753 n754
692: 231 n625 n662 n751 n752
693: 231 n674 n675 n676 n750
691: 231 n746 n628 n629 n625 n662 n744 n745 n747 n748 n749
690: 231 n746 n628 n629 n625 n662 n744 n745 n747 n748
755: 231 n712 n662 n784 n785 n680 n652 n681 n682 n658 n715 n716 n864 n887 n888 n889 n890
628: 231 n674 n675
687: 231 n647 n648 n649 n658 n659 n660 n671 n742 n743
650: 231 n658 n659 n660 n671
649: 231 n647 n648 n649 n653 n634 n667 n668 n669 n670
648: 231 n653 n634 n667 n668
647: 231 n658 n659 n660 n661 n647 n662 n663 n664 n665 n666
644: 231 n647 n662 n663 n664
643: 231 n662
646: 231 n658 n659 n660 n661
645: 231 n658 n659
642: 231 n653 n652 n654 n655 n656 n657
641: 231 n653 n652 n654 n655
639: 231 n652
638: 231 n635 n634 n636 n637 n647 n648 n649 n650 n651
637: 231 n647 n648 n649
749: 231 n712 n713 n714 n635 n856 n857 n858 n876 n877
622: 231
879: 231 n674 n675 n676 n677 n625 n662 n751 n752 n772 n1203 n628 n629 n630 n631 n1204 n712 n784 n785 n1205 n1206
681: 231 n662 n658 n715 n724 n725 n638 n726 n727 n728
635: 231 n628 n629 n630 n644
652: 231 n658 n659 n660 n671 n672 n673
750: 231 n878 n638 n639 n653 n634 n667 n668 n879 n880
623: 231 n622 n623 n624
880: 231 n703 n662 n755 n756 n680 n652 n789 n790 n1198 n1199 n638 n639 n688 n689 n1200 n674 n808 n809 n810 n1201 n1202 n675 n676 n677 n625 n751 n752 n772 n1203 n628 n629 n630 n631 n1204 n712 n784 n785 n1205 n1206 n1207 n647 n663 n664 n644 n658 n659 n660 n671 n1189 n1190 n1191 n796 n797 n798 n799 n819 n820 n821 n1192 n1193 n1194 n1195 n661 n1196 n1197 n1208 n1209
682: 231 n625 n729 n730
636: 231 n628 n629 n630 n644 n645 n646
653: 231 n674 n675 n676 n677
751: 231 n625 n662 n751 n752 n674 n808 n809 n852 n881 n882
624: 231 n625 n626 n627
881: 231 n796 n819 n820 n821 n658 n715 n716 n864 n1210 n1211 n1212
683: 231 n680 n634 n731 n732
752: 231 n628 n629 n630 n644 n712 n662 n784 n785 n883 n884
625: 231 n628 n629
882: 231 n653 n652 n654 n655 n658 n659 n762 n763 n1213 n1214 n1215
684: 231 n680 n634 n731 n732 n733 n712 n713 n714 n734 n735
753: 231 n703 n662 n755 n756 n635 n856 n857 n858 n885 n886
626: 231 n628 n629 n630 n631
685: 231 n680 n634 n731 n732 n733 n712 n713 n714 n734 n735 n674 n675 n676 n677 n736 n625 n729 n730 n737 n738
754: 231 n680 n652 n681 n682 n658 n715 n716 n864 n887 n888 n889
627: 231 n625 n626 n627 n628 n629 n630 n631 n632 n633
686: 231 n712 n713 n714 n658 n715 n716 n717 n653 n652 n654 n655 n718 n719 n720 n634 n667 n668 n721 n722 n723 n680 n731 n732 n733 n734 n735 n674 n675 n676 n677 n736 n625 n729 n730 n737 n738 n739 n662 n724 n725 n638 n726 n727 n728 n740 n741
629: 231 n634
688: 231 n625 n662 n744 n745
630: 231 n635 n634 n636 n637
631: 231 n638 n639
633: 231 n640 n635 n634 n636 n637 n638 n639 n641 n642
634: 231 n643
654: 231 n674 n675 n676 n677 n678 n679
656: 231 n680 n652 n681 n682
657: 231 n647 n662 n663 n664 n680 n652 n681 n682 n683 n684
660: 231 n685 n652 n686 n687
658: 231 n638 n639 n688 n689
661: 231 n685 n652 n686 n687 n638 n639 n688 n689 n690 n691
663: 231 n674 n675 n676 n677 n692 n693
665: 231 n694 n695 n696
666: 231 n697 n694 n695 n696 n698 n699
667: 231 n622 n697 n694 n695 n696 n698 n699 n700 n701
668: 231 n622 n697 n694 n695 n696 n698 n699 n700 n701 n702
669: 231 n703 n704 n705
670: 231 n674 n675 n676 n677 n703 n704 n705 n706 n707
671: 231 n635 n652 n708 n709
672: 231 n635 n652 n708 n709 n710 n711
673: 231 n712 n713 n714
674: 231 n658 n715
675: 231 n658 n715 n716 n717
676: 231 n658 n715 n716 n717 n653 n652 n654 n655 n718 n719 n720
677: 231 n712 n713 n714 n658 n715 n716 n717 n653 n652 n654 n655 n718 n719 n720 n634 n667 n668 n721 n722 n723
678: 231 n658 n715 n724 n725
679: 231 n638 n726
632: 231 n703 n894 n895
756: 231 n685 n634 n896 n897
757: 231 n635 n652 n708 n709 n658 n715 n716 n717 n898 n899 n900
758: 231 n703 n894 n895 n635 n652 n708 n709 n658 n715 n716 n717 n898 n899 n900 n685 n634 n896 n897 n901 n902 n903
760: 231 n638 n639 n653 n652 n654 n655 n904 n905
220: 231
761: 231 n906 n635 n634 n636 n637 n638 n639 n907 n908
762: 231 n906 n635 n634 n636 n637 n638 n639 n907 n908 n680 n652 n681 n682 n909 n688 n689 n910 n911
763: 231 n906 n635 n634 n636 n637 n638 n639 n907 n908 n680 n652 n681 n682 n909 n688 n689 n910 n911 n912 n653 n654 n655 n904 n905 n913 n914
764: 231 n703 n894 n895 n635 n652 n708 n709 n658 n715 n716 n717 n898 n899 n900 n685 n634 n896 n897 n901 n902 n903 n906 n636 n637 n638 n639 n907 n908 n680 n681 n682 n909 n688 n689 n910 n911 n912 n653 n654 n655 n904 n905 n913 n914 n915 n625 n662 n744 n745 n659 n660 n671 n724 n761 n891 n892 n893 n916 n917
765: 231 n653 n634 n667 n668 n918 n919
766: 231 n635 n634 n636 n637 n628 n629 n630 n644 n920 n921 n922
767: 231 n628 n629 n630 n631 n680 n652 n789 n790 n923 n924 n925
768: 231 n638 n726 n926 n927
769: 231 n680 n634 n794 n795 n638 n726 n926 n927 n647 n648 n649 n928 n929 n930
770: 231 n680 n634 n794 n795 n638 n726 n926 n927 n647 n648 n649 n928 n929 n930 n768 n769 n931 n658 n659 n762 n822 n932 n933
771: 231 n647 n648 n649 n680 n634 n794 n795 n638 n726 n926 n927 n928 n929 n930 n768 n769 n931 n658 n659 n762 n822 n932 n933 n628 n629 n630 n631 n652 n789 n790 n923 n924 n925 n635 n636 n637 n644 n920 n921 n922 n934 n935 n936
772: 231 n712 n662 n937 n938
773: 231 n658 n715 n716 n717 n635 n856 n857 n858 n939 n940 n941
774: 231 n712 n662 n937 n938 n658 n715 n716 n717 n635 n856 n857 n858 n939 n940 n941 n653 n634 n667 n668 n942 n943 n944
775: 231 n796 n797 n798 n799 n685 n652 n686 n687 n945 n946 n947
776: 231 n685 n652 n686 n687 n628 n629 n776 n777 n948 n949 n950
777: 231 n625 n729 n730 n658 n715 n724 n761 n951 n952
778: 231 n662 n953 n638 n726 n635 n856 n857 n858 n954 n955
779: 231 n625 n729 n730 n658 n715 n724 n761 n951 n952 n662 n953 n638 n726 n635 n856 n857 n858 n954 n955 n956 n768 n769 n685 n652 n686 n687 n628 n629 n776 n777 n948 n949 n950 n957 n958
780: 231 n712 n662 n937 n938 n658 n715 n716 n717 n635 n856 n857 n858 n939 n940 n941 n653 n634 n667 n668 n942 n943 n944 n625 n729 n730 n724 n761 n951 n952 n953 n638 n726 n954 n955 n956 n768 n769 n685 n652 n686 n687 n628 n629 n776 n777 n948 n949 n950 n957 n958 n959 n639 n688 n689 n796 n797 n798 n799 n945 n946 n947 n960 n961
781: 231 n638 n726 n658 n715 n724 n761 n962 n963
782: 231 n712 n964 n965
783: 231 n658 n715 n716 n864 n712 n964 n965 n966 n967
784: 231 n638 n639 n680 n634 n794 n795 n968 n969
785: 231 n658 n715 n724 n761 n653 n634 n667 n668 n970 n971 n972
786: 231 n638 n726 n658 n715 n724 n761 n653 n634 n667 n668 n970 n971 n972 n674 n808 n809 n852 n973 n974 n975
787: 231 n653 n634 n667 n668 n796 n797 n798 n799 n976 n977 n978
788: 231 n625 n662 n744 n745 n653 n634 n667 n668 n796 n797 n798 n799 n976 n977 n978 n635 n636 n637 n979 n980 n981
789: 231 n625 n662 n744 n745 n653 n634 n667 n668 n796 n797 n798 n799 n976 n977 n978 n635 n636 n637 n979 n980 n981 n638 n726 n658 n715 n724 n761 n970 n971 n972 n674 n808 n809 n852 n973 n974 n975 n639 n680 n794 n795 n968 n969 n982 n983 n984
790: 231 n985
791: 231 n622 n697 n694 n695 n696 n698 n699 n985 n986 n987
792: 231 n622 n697 n694 n695 n696 n698 n699 n985 n986 n987 n988 n989 n990
793: 231 n635 n634 n636 n637 n625 n774 n775 n991 n992
794: 231 n638 n639 n680 n652 n789 n790 n993 n994
795: 231 n796 n819 n820 n995
796: 231 n638 n639 n680 n652 n789 n790 n993 n994 n726 n996 n796 n819 n820 n995 n997 n998
797: 231 n638 n639 n680 n652 n789 n790 n993 n994 n726 n996 n796 n819 n820 n995 n997 n998 n628 n629 n630 n631 n999 n1000 n1001
798: 231 n658 n659 n660 n661 n638 n726 n1002 n1003
799: 231 n658 n659 n660 n661 n638 n726 n1002 n1003 n639 n1004 n680 n634 n794 n795 n1005 n1006
800: 231 n658 n659 n660 n671 n661 n1007 n1008 n1009
801: 231 n653 n634 n667 n668 n685 n652 n686 n687 n1010 n1011 n1012
802: 231 n638 n639 n658 n659 n660 n671 n661 n1007 n1008 n1009 n653 n634 n667 n668 n685 n652 n686 n687 n1010 n1011 n1012 n1013 n1014
803: 231 n658 n659 n762 n822 n635 n856 n857 n858 n1015 n1016 n1017
804: 231 n680 n634 n731 n732 n628 n629 n630 n644 n1018 n1019 n1020
805: 231 n653 n634 n667 n668 n658 n715 n724 n761 n1021 n1022 n1023
806: 231 n638 n726 n653 n634 n667 n668 n658 n715 n724 n761 n1021 n1022 n1023 n674 n808 n809 n852 n1024 n1025 n1026
807: 231 n638 n639 n726 n653 n634 n667 n668 n658 n715 n724 n761 n1021 n1022 n1023 n674 n808 n809 n852 n1024 n1025 n1026 n680 n731 n732 n628 n629 n630 n644 n1018 n1019 n1020 n659 n762 n822 n635 n856 n857 n858 n1015 n1016 n1017 n1027 n1028 n1029
808: 231 n638 n639 n680 n652 n789 n790 n993 n994 n726 n996 n796 n819 n820 n995 n997 n998 n628 n629 n630 n631 n999 n1000 n1001 n658 n659 n660 n661 n1002 n1003 n1004 n634 n794 n795 n1005 n1006 n1030 n671 n1007 n1008 n1009 n653 n667 n668 n685 n686 n687 n1010 n1011 n1012 n1013 n1014 n715 n724 n761 n1021 n1022 n1023 n674 n808 n809 n852 n1024 n1025 n1026 n731 n732 n644 n1018 n1019 n1020 n762 n822 n635 n856 n857 n858 n1015 n1016 n1017 n1027 n1028 n1029 n1031 n1032
809: 231 n674 n675 n676 n677 n1033 n1034
810: 231 n658 n715 n724 n725 n625 n729 n730 n1035 n1036
811: 231 n674 n808 n809 n852 n1037 n1038
812: 231 n628 n629 n630 n644 n1039 n1040 n1041
813: 231 n635 n652 n708 n709 n1042 n1043 n1044
817: 231 n685 n652 n686 n687 n628 n629 n776 n777 n1045 n1046 n1047
818: 231 n625 n662 n751 n752 n685 n652 n686 n687 n628 n629 n776 n777 n1045 n1046 n1047 n680 n634 n731 n732 n1048 n1049 n1050
814: 231 n796 n819 n820 n995 n635 n652 n708 n709 n1051 n1052 n1053
815: 231 n658 n659 n660 n661 n674 n808 n809 n852 n1054 n1055 n1056
816: 231 n796 n819 n820 n995 n635 n652 n708 n709 n1051 n1052 n1053 n658 n659 n660 n661 n674 n808 n809 n852 n1054 n1055 n1056 n1057 n685 n686 n687 n1058 n1059
819: 231 n674 n675 n676 n750 n712 n662 n937 n938 n1060 n1061
820: 231 n625 n662 n751 n752 n685 n652 n686 n687 n628 n629 n776 n777 n1045 n1046 n1047 n680 n634 n731 n732 n1048 n1049 n1050 n674 n675 n676 n750 n712 n937 n938 n1060 n1061 n1062 n703 n755 n756 n796 n819 n820 n995 n635 n708 n709 n1051 n1052 n1053 n658 n659 n660 n661 n808 n809 n852 n1054 n1055 n1056 n1057 n1058 n1059 n1063 n1064
821: 231 n628 n629 n630 n631 n625 n662 n751 n752 n1065 n1066
823: 231 n796 n797 n798 n849 n1067 n1068
824: 231 n658 n659 n762 n822 n1069 n1070
825: 231 n1071 n638 n726 n635 n856 n857 n858 n1072 n1073
826: 231 n635 n634 n636 n637 n658 n715 n716 n717 n1074 n1075 n1076
827: 231 n647 n635 n634 n636 n637 n658 n715 n716 n717 n1074 n1075 n1076 n1077 n1078
830: 231 n796 n797 n798 n799 n674 n808 n809 n810 n1079 n1080 n1081
828: 231 n658 n659 n762 n763 n715 n716 n864 n1082 n1083 n1084
829: 231 n638 n639 n688 n689 n658 n659 n762 n763 n715 n716 n864 n1082 n1083 n1084 n724 n761 n1085 n1086 n1087
831: 231 n680 n652 n681 n682 n625 n662 n751 n752 n1088 n1089
832: 231 n680 n652 n681 n682 n625 n662 n751 n752 n1088 n1089 n658 n715 n724 n761 n1090 n712 n937 n938 n1091 n1092
833: 231 n638 n639 n688 n689 n658 n659 n762 n763 n715 n716 n864 n1082 n1083 n1084 n724 n761 n1085 n1086 n1087 n680 n652 n681 n682 n625 n662 n751 n752 n1088 n1089 n1090 n712 n937 n938 n1091 n1092 n1093 n703 n755 n756 n796 n797 n798 n799 n674 n808 n809 n810 n1079 n1080 n1081 n1094 n1095
834: 231 n625 n626 n627 n674 n675 n676 n677 n1096 n1097
664: 231 n1098 n1099
835: 231 n1100
836: 231 n1101 n1102 n1103
837: 231 n985 n1098 n1099 n1104 n1100 n1101 n1102 n1103 n1105 n1106
838: 231 n985 n1098 n1099 n1104 n1100 n1101 n1102 n1103 n1105 n1106 n1107 n1108 n1109
839: 231 n674 n675 n676 n750 n712 n964 n965 n1110 n1111
841: 231 n1112
840: 231 n1113 n1114 n1115
842: 231 n1116 n1117
843: 231 n694 n695 n696 n1112 n1118 n1113 n1114 n1115 n1116 n1117 n1119 n1120
844: 231 n622 n697 n694 n695 n696 n698 n699 n700 n701 n1121
845: 231 n635 n856 n857 n1122
846: 231 n703 n662 n755 n756 n635 n856 n857 n1122 n1123 n1124
847: 231 n680 n634 n731 n732 n1125 n1126
848: 231 n1127 n638 n726 n658 n659 n762 n763 n1128 n1129
849: 231 n658 n659 n762 n763 n712 n662 n784 n785 n1130 n1131
850: 231 n658 n715 n724 n761 n712 n964 n965 n1132 n1133
851: 231 n625 n626 n627 n685 n652 n686 n687 n1134 n1135
852: 231 n625 n662 n751 n752 n658 n659 n762 n822 n1136 n1137
853: 231 n625 n729 n730 n674 n675 n676 n750 n1138 n1139
854: 231 n658 n659 n660 n671 n712 n662 n784 n785 n1140 n1141
855: 231 n1142 n638 n639 n685 n634 n896 n897 n1143 n1144
720: 231 n1145 n1146
856: 231 n1147 n628 n629 n630 n631 n1145 n1146 n1148 n1149
857: 231 n1147 n628 n629 n630 n631 n1145 n1146 n1148 n1149 n625 n626 n627 n1150 n635 n856 n857 n1122 n1151 n1152
858: 231 n635 n634 n636 n637 n712 n964 n965 n1153 n1154
859: 231 n1155 n658 n659 n660 n671 n1145 n1146 n1156 n1157
860: 231 n1158 n638 n639 n653 n652 n654 n655 n1159 n1160
861: 231 n1158 n638 n639 n653 n652 n654 n655 n1159 n1160 n625 n662 n744 n745 n1161 n658 n715 n716 n864 n1162 n1163
862: 231 n628 n629 n630 n644 n703 n704 n705 n1164 n1165
863: 231 n625 n626 n627 n628 n629 n630 n631 n632 n1166
822: 231 n796 n797 n798 n849 n1167
864: 231 n658 n659 n660 n671 n1168 n1169
651: 231 n658 n659 n660 n671 n1170
865: 231 n796 n797 n798 n799 n1171 n1172
866: 231 n796 n819 n820 n821 n1173
867: 231 n796 n819 n820 n995 n1174
868: 231 n796 n819 n820 n821 n1173 n995 n1174 n1175 n1176 n1177
869: 231 n796 n797 n798 n799 n1171 n1172 n819 n820 n821 n1173 n995 n1174 n1175 n1176 n1177 n1178 n658 n659 n660 n671 n1170 n1179 n1180
870: 231 n658 n659 n660 n671 n1168 n1169 n796 n797 n798 n799 n1171 n1172 n819 n820 n821 n1173 n995 n1174 n1175 n1176 n1177 n1178 n1170 n1179 n1180 n1181 n849 n1167 n1182 n1183
871: 231 n1184 n658 n715 n716 n717 n638 n726 n1185 n1186
872: 231 n712 n713 n714 n658 n659 n762 n822 n1187 n1188
873: 231 n628 n629 n630 n644 n658 n659 n660 n671 n1189 n1190 n1191
874: 231 n796 n797 n798 n799 n819 n820 n821 n1192 n1193 n1194
875: 231 n628 n629 n630 n644 n658 n659 n660 n671 n1189 n1190 n1191 n796 n797 n798 n799 n819 n820 n821 n1192 n1193 n1194 n1195 n661 n1196 n1197
876: 231 n703 n662 n755 n756 n680 n652 n789 n790 n1198 n1199
877: 231 n703 n662 n755 n756 n680 n652 n789 n790 n1198 n1199 n638 n639 n688 n689 n1200 n674 n808 n809 n810 n1201 n1202
878: 231 n674 n675 n676 n677 n625 n662 n751 n752 n772 n1203
----------------------------------------

【xmg】
956: 231 n653 n654 n655 n656 n1372 n1373 n634 n635 n636 n637 n1374 n667 n1375 n1376 n1377 n705 n1378 n1379 n1380 n1381 n1382 n1383 n1384 n1385 n1386 n1387 n1388
955: 231 n634 n635 n636 n637 n1380 n1381 n653 n654 n655 n656 n1382 n667 n1383 n1384 n1385 n705 n1386 n1387
954: 231 n653 n654 n655 n656 n1382 n634 n635 n667 n1383 n1384
953: 231 n634 n635 n636 n637 n1380 n1381
952: 231 n653 n654 n655 n656 n1372 n1373 n634 n635 n636 n637 n1374 n667 n1375 n1376 n1377 n705 n1378 n1379
951: 231 n634 n635 n636 n637 n1374 n655 n667 n1375 n1376
950: 231 n653 n654 n655 n656 n1372 n1373
949: 231 n662 n721 n722 n763 n628 n659 n670 n671 n1370 n1371
948: 231 n670 n711 n712 n720 n1367 n1368 n1369
947: 231 n655 n653 n680 n780 n626 n662 n663 n752 n1365 n1366
946: 231 n726 n662 n741 n742 n653 n680 n681 n682 n1363 n1364
945: 231 n692 n693 n694 n695 n696 n697 n1318 n1358 n1085 n1359 n1360 n1361 n1362
944: 231 n692 n693 n694 n695 n696 n697 n1318 n1358 n1085 n1359 n1360
943: 231 n685 n844 n845 n1105 n1355 n721 n722 n1356 n1357
942: 231 n655 n634 n728 n784 n626 n662 n663 n752 n1353 n1354
941: 231 n634 n635 n655 n667 n648 n649 n650 n1351 n1352
940: 231 n676 n785 n786 n837 n1337 n747 n787 n1334 n674 n675 n748 n1335 n1336 n1338 n1339 n807 n808 n809 n1340 n796 n797 n840 n1341 n1342 n677 n1343 n798 n1344 n1345 n1346 n980 n1347 n1348 n1349 n1350
939: 231 n676 n807 n808 n809 n1340 n747 n796 n797 n840 n1341 n1342 n674 n675 n677 n1343 n798 n1344 n1345 n1346 n980 n1347 n1348
938: 231 n674 n675 n676 n677 n1343 n796 n797 n798 n1344 n1345
937: 231 n676 n807 n808 n809 n1340 n747 n796 n797 n840 n1341 n1342
936: 231 n676 n785 n786 n837 n1337 n747 n787 n1334 n674 n675 n748 n1335 n1336 n1338 n1339
935: 231 n747 n785 n786 n787 n1334 n674 n675 n748 n1335 n1336
934: 231 n685 n844 n845 n1105 n726 n662 n741 n742 n1329 n1330 n626 n648 n702 n1331 n634 n728 n883 n1332 n1333
933: 231 n685 n844 n845 n1105 n726 n662 n741 n742 n1329 n1330
932: 231 n626 n648 n702 n630 n711 n712 n852 n1325 n747 n796 n797 n840 n1326 n1327 n1328
931: 231 n630 n711 n712 n852 n1325 n747 n796 n797 n840 n1326 n1327
930: 231 n1097 n1098 n1099 n1319 n1320 n1321 n1322 n1085 n1318 n1323 n1324
928: 231 n1319 n1320 n1321
929: 231 n1318
927: 231 n628 n659 n670 n671 n1316 n1317
926: 231 n644 n628 n659 n758 n626 n662 n741 n749 n1314 n1315
925: 231 n626 n662 n741 n749 n630 n711 n712 n852 n1268 n1308 n628 n629 n644 n645 n649 n776 n1267 n1309 n1310 n634 n635 n655 n667 n1311 n1312 n1313
924: 231 n626 n662 n741 n749 n630 n711 n712 n852 n1268 n1308 n628 n629 n644 n645 n649 n776 n1267 n1309 n1310
923: 231 n626 n662 n741 n749 n663 n752 n644 n711 n712 n713 n1292 n628 n659 n758 n1293 n1294 n1305 n655 n653 n680 n780 n1296 n629 n670 n1295 n1297 n1298 n685 n844 n845 n1105 n1299 n846 n1300 n1301 n1302 n630 n631 n1303 n1304 n1306 n1307
922: 231 n655 n653 n680 n780 n1296 n628 n629 n670 n1295 n1297 n1298 n685 n844 n845 n1105 n1299 n846 n1300 n1301 n1302 n630 n631 n1303 n1304
921: 231 n685 n844 n845 n1105 n1299 n846 n1300 n1301
920: 231 n655 n653 n680 n780 n1296 n628 n629 n670 n1295 n1297 n1298
689: 231 n628 n629 n670 n1295
919: 231 n644 n711 n712 n713 n1292 n628 n659 n758 n1293 n1294
918: 231 n692 n693 n694 n695 n696 n697 n1287 n1288 n1289 n1290 n1291
917: 231 n692 n693 n694 n695 n696 n697 n1287 n1288 n1289
916: 231 n708 n709 n710 n685 n634 n728 n883 n1284 n711 n712 n1281 n1282 n1283 n1285 n1286
915: 231 n711 n712 n1281 n1282 n1283
914: 231 n626 n662 n741 n749 n634 n635 n636 n637 n1279 n1280
913: 231 n676 n785 n786 n837 n708 n726 n727 n1277 n1278
912: 231 n681 n634 n728 n729 n1274 n1275 n1276
911: 231 n747 n807 n808 n980 n638 n639 n1272 n1273
910: 231 n626 n662 n741 n749 n630 n711 n712 n852 n1268 n1269 n628 n629 n644 n645 n649 n776 n1267 n1270 n1271
713: 231 n626 n662 n741 n749 n630 n711 n712 n852 n1268
736: 231 n628 n629 n644 n645 n649 n662 n741 n776 n1267
909: 231 n676 n785 n786 n837 n638 n639 n662 n687 n1265 n1266
908: 231 n648 n649 n650 n628 n629 n644 n645 n1263 n1264
907: 231 n676 n785 n786 n837 n662 n721 n722 n763 n1261 n1262
906: 231 n638 n639 n662 n687 n634 n635 n636 n637 n1259 n1260
905: 231 n676 n807 n808 n809 n1157 n1244 n785 n786 n837 n1151 n1245 n1246 n747 n787 n1247 n1248 n628 n659 n670 n671 n1154 n1250 n674 n675 n677 n1249 n1251 n1252 n1253 n980 n1158 n1254 n1255 n1256 n1241 n748 n1242 n1243 n1257 n1258
902: 231 n747 n785 n786 n787 n1247 n1248 n628 n659 n670 n671 n1154 n1250 n674 n675 n676 n677 n1249 n1251 n1252 n1253 n807 n808 n980 n1158 n1254 n1255
901: 231 n628 n659 n670 n671 n1154 n1250 n674 n675 n676 n677 n1249 n1251 n1252
662: 231 n674 n675 n676 n677 n1249
900: 231 n747 n785 n786 n787 n1247 n1248
904: 231 n676 n807 n808 n809 n1157 n1244 n785 n786 n837 n1151 n1245 n1246
903: 231 n628 n659 n670 n671 n1241 n674 n675 n747 n748 n1242 n1243
899: 231 n726 n662 n741 n742 n743 n628 n629 n744 n745 n1240
898: 231 n708 n726 n727 n670 n711 n712 n720 n1238 n1239
897: 231 n638 n639 n628 n629 n630 n631 n1236 n1237
896: 231 n969 n970 n971 n692 n693 n694 n695 n696 n697 n972 n973 n1234 n1235
895: 231 n721 n722 n1231 n628 n659 n660 n661 n1232 n1233
894: 231 n685 n634 n728 n883 n649 n662 n741 n776 n1229 n1230
893: 231 n628 n659 n670 n671 n649 n662 n663 n664 n1227 n1228
892: 231 n626 n708 n768 n628 n629 n630 n631 n1225 n1226
891: 231 n649 n662 n663 n664 n655 n653 n680 n780 n1212 n685 n844 n845 n1105 n1213 n1214 n747 n807 n808 n980 n1215 n628 n629 n630 n631 n1216 n1217 n1218 n1219 n676 n785 n786 n837 n626 n741 n749 n1220 n1221 n1222 n752 n681 n682 n1209 n634 n728 n729 n1210 n1211 n1223 n1224
890: 231 n676 n785 n786 n837 n626 n662 n741 n749 n1220 n1221
888: 231 n649 n662 n663 n664 n655 n653 n680 n780 n1212 n685 n844 n845 n1105 n1213 n1214 n747 n807 n808 n980 n1215 n628 n629 n630 n631 n1216 n1217 n1218 n1219
887: 231 n747 n807 n808 n980 n1215 n628 n629 n630 n631 n1216 n1217
886: 231 n655 n653 n680 n780 n1212 n685 n844 n845 n1105 n1213 n1214
889: 231 n653 n680 n681 n682 n1209 n634 n728 n729 n1210 n1211
885: 231 n685 n844 n845 n1105 n625 n626 n627 n1207 n1208
884: 231 n721 n722 n644 n628 n659 n758 n1198 n653 n654 n655 n656 n1199 n1200 n711 n712 n713 n1201 n634 n635 n636 n637 n1202 n1203 n1204 n630 n852 n1195 n676 n807 n808 n809 n1196 n1197 n1205 n1206
883: 231 n644 n711 n712 n713 n1201 n634 n635 n636 n637 n1202 n1203
759: 231 n660 n711 n712 n757 n879 n628 n659 n670 n671 n880 n881
748: 231 n649 n662 n663 n664 n626 n741 n749 n655 n634 n728 n784 n788 n747 n785 n786 n787 n789 n790 n791 n653 n680 n681 n682 n781 n729 n782 n783 n792 n793 n648 n702 n777 n776 n778 n779 n780 n794 n795 n676 n837 n838 n839 n841 n796 n797 n840 n842 n843 n630 n711 n712 n852 n853 n854 n628 n659 n660 n661 n855 n721 n722 n763 n856 n857 n858 n670 n720 n638 n639 n687 n832 n833 n834 n810 n835 n836 n685 n844 n845 n846 n847 n848 n849 n644 n758 n850 n851 n859 n860 n861 n708 n768 n773 n629 n769 n770 n636 n654 n705 n771 n772 n774 n775 n811 n812 n813 n807 n808 n809 n814 n815 n674 n675 n677 n816 n817 n818 n656 n824 n825 n635 n667 n826 n827 n828 n829 n748 n799 n800 n801 n802 n803 n650 n804 n798 n805 n806 n819 n820 n645 n821 n822 n823 n830 n831 n862 n863
725: 231 n676 n785 n786 n837 n649 n662 n741 n776 n838 n839 n626 n749 n841 n747 n796 n797 n840 n842 n843 n630 n711 n712 n852 n853 n854 n628 n659 n660 n661 n855 n721 n722 n763 n856 n857 n858 n670 n720 n638 n639 n687 n832 n833 n834 n810 n835 n836 n685 n844 n845 n846 n663 n664 n847 n848 n849 n644 n758 n850 n851 n859 n860
715: 231 n630 n711 n712 n852 n626 n662 n741 n749 n853 n854 n628 n659 n660 n661 n855 n721 n722 n763 n856 n857
714: 231 n630 n711 n712 n852 n626 n662 n741 n749 n853 n854
712: 231 n630 n711 n712 n852
711: 231 n685 n844 n845 n846 n649 n662 n663 n664 n847 n848 n626 n741 n749 n849 n644 n628 n659 n758 n850 n851
710: 231 n685 n844 n845 n846 n649 n662 n663 n664 n847 n848
709: 231 n685 n844 n845 n846
708: 231 n685 n844 n845
724: 231 n676 n785 n786 n837 n649 n662 n741 n776 n838 n839 n626 n749 n841 n747 n796 n797 n840 n842 n843
723: 231 n747 n796 n797 n840
722: 231 n676 n785 n786 n837 n649 n662 n741 n776 n838 n839
719: 231 n676 n785 n786 n837
718: 231 n670 n711 n712 n720 n638 n639 n662 n687 n832 n833 n626 n741 n749 n834 n630 n628 n659 n810 n835 n836
716: 231 n670 n711 n712 n720 n638 n639 n662 n687 n832 n833
747: 231 n630 n628 n659 n810 n626 n648 n702 n811 n812 n813 n676 n807 n808 n809 n814 n815 n674 n675 n677 n816 n817 n818 n638 n639 n662 n687 n653 n654 n655 n656 n824 n825 n634 n635 n667 n826 n741 n749 n827 n828 n829 n747 n748 n799 n800 n801 n644 n758 n802 n803 n649 n650 n804 n796 n797 n798 n805 n806 n819 n820 n629 n645 n821 n776 n822 n823 n830 n831
739: 231 n638 n639 n662 n687 n653 n654 n655 n656 n824 n825 n634 n635 n667 n826 n626 n741 n749 n827 n828
738: 231 n638 n639 n662 n687 n653 n654 n655 n656 n824 n825
737: 231 n676 n807 n808 n809 n626 n662 n741 n749 n819 n820 n628 n629 n644 n645 n821 n649 n776 n822 n823
735: 231 n676 n807 n808 n809 n626 n662 n741 n749 n819 n820
746: 231 n630 n628 n659 n810 n626 n648 n702 n811 n812 n813 n676 n807 n808 n809 n814 n815 n674 n675 n677 n816 n817 n818
745: 231 n630 n628 n659 n810 n626 n648 n702 n811 n812 n813 n676 n807 n808 n809 n814 n815
744: 231 n630 n628 n659 n810 n626 n648 n702 n811 n812
717: 231 n630 n628 n659 n810
734: 231 n676 n807 n808 n809
655: 231 n807 n808
743: 231 n674 n675 n747 n748 n626 n648 n702 n799 n800 n801 n644 n628 n659 n758 n802 n803 n649 n650 n804 n676 n796 n797 n798 n805 n806
742: 231 n674 n675 n747 n748 n626 n648 n702 n799 n800 n801 n644 n628 n659 n758 n802 n803
741: 231 n674 n675 n747 n748 n626 n648 n702 n799 n800
740: 231 n676 n796 n797 n798
640: 231 n796 n797
733: 231 n649 n662 n663 n664 n626 n741 n749 n655 n634 n728 n784 n788 n747 n785 n786 n787 n789 n790 n791 n653 n680 n681 n682 n781 n729 n782 n783 n792 n793 n648 n702 n777 n776 n778 n779 n780 n794 n795
732: 231 n649 n662 n663 n664 n626 n741 n749 n655 n634 n728 n784 n788 n747 n785 n786 n787 n789 n790 n791 n653 n680 n681 n682 n781 n729 n782 n783 n792 n793
731: 231 n655 n634 n728 n784 n788 n747 n785 n786 n787 n789 n790
730: 231 n747 n785 n786 n787
659: 231 n785 n786
729: 231 n655 n634 n728 n784
728: 231 n653 n680 n681 n682 n781 n634 n728 n729 n782 n783
727: 231 n655 n653 n680 n780
726: 231 n626 n648 n702 n777 n649 n662 n741 n776 n778 n779
721: 231 n649 n662 n741 n776
707: 231 n626 n708 n768 n681 n634 n728 n729 n773 n628 n629 n660 n769 n770 n636 n653 n654 n705 n771 n772 n774 n775
706: 231 n628 n629 n660 n769 n770 n636 n653 n654 n705 n771 n772
705: 231 n628 n629 n660 n769
704: 231 n626 n708 n768
703: 231 n626 n662 n741 n749 n674 n675 n676 n677 n766 n767
702: 231 n662 n721 n722 n763 n670 n711 n712 n720 n764 n765
680: 231 n662 n721 n722 n763
701: 231 n708 n709 n710 n644 n628 n659 n758 n759 n660 n711 n712 n757 n760 n761 n762
700: 231 n644 n628 n659 n758 n759 n660 n711 n712 n757 n760 n761
699: 231 n644 n628 n659 n758
698: 231 n660 n711 n712 n757
697: 231 n628 n659 n670 n671 n649 n662 n663 n664 n755 n756
696: 231 n626 n662 n663 n752 n634 n635 n655 n667 n753 n754
695: 231 n626 n662 n663 n752
694: 231 n626 n662 n741 n749 n674 n675 n747 n748 n750 n751
692: 231 n626 n662 n741 n749
693: 231 n674 n675 n747 n748
691: 231 n726 n662 n741 n742 n743 n628 n629 n744 n745 n746
690: 231 n726 n662 n741 n742 n743 n628 n629 n744 n745
755: 231 n649 n662 n741 n776 n630 n711 n712 n852 n875 n653 n680 n681 n682 n876 n877 n878
628: 231 n674 n675
687: 231 n628 n659 n670 n671 n648 n649 n650 n739 n740
650: 231 n628 n659 n670 n671
649: 231 n634 n635 n655 n667 n648 n649 n650 n668 n669
648: 231 n634 n635 n655 n667
647: 231 n649 n662 n663 n664 n628 n659 n660 n661 n665 n666
644: 231 n649 n662 n663 n664
643: 231 n662
646: 231 n628 n659 n660 n661
645: 231 n628 n659
642: 231 n653 n654 n655 n656 n657 n658
641: 231 n653 n654 n655 n656
639: 231 n653
638: 231 n648 n649 n650 n634 n635 n636 n637 n651 n652
637: 231 n648 n649 n650
749: 231 n685 n844 n845 n846 n708 n709 n710 n864 n865
622: 231
879: 231 n626 n662 n741 n749 n674 n675 n676 n677 n1187 n1188 n628 n629 n630 n631 n1189 n649 n776 n1190 n1191
681: 231 n721 n722 n723 n670 n711 n712 n720 n724 n725
635: 231 n628 n629 n644 n645
652: 231 n628 n659 n670 n671 n672 n673
750: 231 n634 n635 n655 n667 n866 n638 n639 n867 n868
623: 231 n622 n623 n624
880: 231 n655 n653 n680 n780 n626 n662 n663 n752 n1182 n1183 n638 n639 n687 n1184 n676 n796 n797 n798 n1185 n1186 n741 n749 n674 n675 n677 n1187 n1188 n628 n629 n630 n631 n1189 n649 n776 n1190 n1191 n1192 n664 n659 n670 n671 n1173 n644 n645 n1174 n1175 n807 n808 n809 n1176 n747 n785 n786 n787 n1177 n1178 n1179 n660 n661 n1180 n1181 n1193 n1194
682: 231 n708 n726 n727
636: 231 n628 n629 n644 n645 n646 n647
653: 231 n674 n675 n676 n677
751: 231 n747 n796 n797 n840 n626 n662 n741 n749 n869 n870
624: 231 n625 n626 n627
881: 231 n630 n711 n712 n852 n1195 n676 n807 n808 n809 n1196 n1197
683: 231 n681 n634 n728 n729
752: 231 n649 n662 n741 n776 n628 n629 n644 n645 n871 n872
625: 231 n628 n629
882: 231 n644 n628 n659 n758 n1198 n653 n654 n655 n656 n1199 n1200
684: 231 n681 n634 n728 n729 n730 n708 n709 n710 n731 n732
753: 231 n685 n844 n845 n846 n626 n662 n663 n752 n873 n874
626: 231 n628 n629 n630 n631
685: 231 n681 n634 n728 n729 n730 n708 n709 n710 n731 n732 n674 n675 n676 n677 n733 n726 n727 n734 n735
754: 231 n630 n711 n712 n852 n875 n653 n680 n681 n682 n876 n877
627: 231 n628 n629 n630 n631 n625 n626 n627 n632 n633
686: 231 n708 n709 n710 n634 n635 n655 n667 n717 n653 n654 n656 n714 n644 n711 n712 n713 n715 n716 n718 n719 n681 n728 n729 n730 n731 n732 n674 n675 n676 n677 n733 n726 n727 n734 n735 n736 n721 n722 n723 n670 n720 n724 n725 n737 n738
629: 231 n634
688: 231 n726 n662 n741 n742
630: 231 n634 n635 n636 n637
631: 231 n638 n639
633: 231 n638 n639 n640 n634 n635 n636 n637 n641 n642
634: 231 n643
654: 231 n674 n675 n676 n677 n678 n679
656: 231 n653 n680 n681 n682
657: 231 n653 n680 n681 n682 n649 n662 n663 n664 n683 n684
660: 231 n653 n680 n685 n686
658: 231 n638 n639 n662 n687
661: 231 n638 n639 n662 n687 n653 n680 n685 n686 n688 n689
663: 231 n674 n675 n676 n677 n690 n691
665: 231 n692 n693 n694
666: 231 n692 n693 n694 n695 n696 n697
667: 231 n692 n693 n694 n695 n696 n697 n698 n699 n700
668: 231 n692 n693 n694 n695 n696 n697 n698 n699 n700 n701
669: 231 n626 n648 n702
670: 231 n626 n648 n702 n674 n675 n676 n677 n703 n704
671: 231 n636 n653 n654 n705
672: 231 n636 n653 n654 n705 n706 n707
673: 231 n708 n709 n710
674: 231 n711 n712
675: 231 n644 n711 n712 n713
676: 231 n653 n654 n655 n656 n714 n644 n711 n712 n713 n715 n716
677: 231 n708 n709 n710 n634 n635 n655 n667 n717 n653 n654 n656 n714 n644 n711 n712 n713 n715 n716 n718 n719
678: 231 n670 n711 n712 n720
679: 231 n721 n722
632: 231 n648 n726 n882
756: 231 n685 n634 n728 n883
757: 231 n644 n711 n712 n713 n884 n636 n653 n654 n705 n885 n886
758: 231 n648 n726 n882 n685 n634 n728 n883 n887 n644 n711 n712 n713 n884 n636 n653 n654 n705 n885 n886 n888 n889
760: 231 n653 n654 n655 n656 n638 n639 n890 n891
220: 231
761: 231 n638 n639 n892 n634 n635 n636 n637 n893 n894
762: 231 n638 n639 n892 n634 n635 n636 n637 n893 n894 n653 n680 n681 n682 n895 n662 n687 n896 n897
763: 231 n638 n639 n892 n634 n635 n636 n637 n893 n894 n653 n680 n681 n682 n895 n662 n687 n896 n897 n898 n654 n655 n656 n890 n891 n899 n900
764: 231 n648 n726 n882 n685 n634 n728 n883 n887 n644 n711 n712 n713 n884 n636 n653 n654 n705 n885 n886 n888 n889 n638 n639 n892 n635 n637 n893 n894 n680 n681 n682 n895 n662 n687 n896 n897 n898 n655 n656 n890 n891 n899 n900 n901 n741 n742 n660 n757 n879 n628 n659 n670 n671 n880 n881 n902 n903
765: 231 n634 n635 n655 n667 n904 n905
766: 231 n628 n629 n644 n645 n906 n634 n635 n636 n637 n907 n908
767: 231 n655 n653 n680 n780 n909 n628 n629 n630 n631 n910 n911
768: 231 n721 n722 n912 n913
769: 231 n655 n634 n728 n784 n648 n649 n650 n914 n721 n722 n912 n913 n915 n916
770: 231 n655 n634 n728 n784 n648 n649 n650 n914 n721 n722 n912 n913 n915 n916 n662 n763 n917 n630 n628 n659 n810 n918 n919
771: 231 n655 n634 n728 n784 n648 n649 n650 n914 n721 n722 n912 n913 n915 n916 n662 n763 n917 n630 n628 n659 n810 n918 n919 n629 n644 n645 n906 n635 n636 n637 n907 n908 n653 n680 n780 n909 n631 n910 n911 n920 n921 n922
772: 231 n709 n662 n741 n923
773: 231 n685 n844 n845 n846 n924 n644 n711 n712 n713 n925 n926
774: 231 n709 n662 n741 n923 n634 n635 n655 n667 n927 n685 n844 n845 n846 n924 n644 n711 n712 n713 n925 n926 n928 n929
775: 231 n653 n680 n685 n686 n930 n747 n785 n786 n787 n931 n932
776: 231 n628 n629 n660 n769 n933 n653 n680 n685 n686 n934 n935
777: 231 n660 n711 n712 n757 n708 n726 n727 n936 n937
778: 231 n662 n685 n844 n845 n846 n938 n721 n722 n939 n940
779: 231 n660 n711 n712 n757 n708 n726 n727 n936 n937 n662 n685 n844 n845 n846 n938 n721 n722 n939 n940 n941 n763 n628 n629 n769 n933 n653 n680 n686 n934 n935 n942 n943
780: 231 n709 n662 n741 n923 n634 n635 n655 n667 n927 n685 n844 n845 n846 n924 n644 n711 n712 n713 n925 n926 n928 n929 n660 n757 n708 n726 n727 n936 n937 n938 n721 n722 n939 n940 n941 n763 n628 n629 n769 n933 n653 n680 n686 n934 n935 n942 n943 n944 n638 n639 n687 n930 n747 n785 n786 n787 n931 n932 n945 n946
781: 231 n660 n711 n712 n757 n721 n722 n947 n948
782: 231 n649 n708 n949
783: 231 n649 n708 n949 n630 n711 n712 n852 n950 n951
784: 231 n655 n634 n728 n784 n638 n639 n952 n953
785: 231 n634 n635 n655 n667 n954 n660 n711 n712 n757 n955 n956
786: 231 n721 n722 n747 n796 n797 n840 n957 n634 n635 n655 n667 n954 n660 n711 n712 n757 n955 n956 n958 n959
787: 231 n747 n785 n786 n787 n960 n634 n635 n655 n667 n961 n962
788: 231 n726 n662 n741 n742 n634 n635 n636 n637 n963 n747 n785 n786 n787 n960 n655 n667 n961 n962 n964 n965
789: 231 n726 n662 n741 n742 n634 n635 n636 n637 n963 n747 n785 n786 n787 n960 n655 n667 n961 n962 n964 n965 n728 n784 n638 n639 n952 n953 n721 n722 n796 n797 n840 n957 n954 n660 n711 n712 n757 n955 n956 n958 n959 n966 n967 n968
790: 231 n969 n970
791: 231 n969 n970 n971 n692 n693 n694 n695 n696 n697 n972 n973
792: 231 n969 n970 n971 n692 n693 n694 n695 n696 n697 n972 n973 n974 n975
793: 231 n626 n708 n768 n634 n635 n636 n637 n976 n977
794: 231 n655 n653 n680 n780 n638 n639 n978 n979
795: 231 n747 n807 n808 n980
796: 231 n655 n653 n680 n780 n638 n639 n978 n979 n721 n722 n981 n747 n807 n808 n980 n982 n983
797: 231 n655 n653 n680 n780 n638 n639 n978 n979 n721 n722 n981 n747 n807 n808 n980 n982 n983 n628 n629 n630 n631 n984 n985 n986
798: 231 n721 n722 n628 n659 n660 n661 n987 n988
799: 231 n721 n722 n628 n659 n660 n661 n987 n988 n638 n639 n989 n655 n634 n728 n784 n990 n991
800: 231 n628 n659 n660 n661 n992 n670 n671 n993 n994
801: 231 n653 n680 n685 n686 n995 n634 n635 n655 n667 n996 n997
802: 231 n638 n639 n628 n659 n660 n661 n992 n670 n671 n993 n994 n653 n680 n685 n686 n995 n634 n635 n655 n667 n996 n997 n998 n999
803: 231 n685 n844 n845 n846 n1000 n630 n628 n659 n810 n1001 n1002
804: 231 n628 n629 n644 n645 n1003 n681 n634 n728 n729 n1004 n1005
805: 231 n660 n711 n712 n757 n1006 n634 n635 n655 n667 n1007 n1008
806: 231 n721 n722 n747 n796 n797 n840 n1009 n660 n711 n712 n757 n1006 n634 n635 n655 n667 n1007 n1008 n1010 n1011
807: 231 n721 n722 n747 n796 n797 n840 n1009 n660 n711 n712 n757 n1006 n634 n635 n655 n667 n1007 n1008 n1010 n1011 n685 n844 n845 n846 n1000 n630 n628 n659 n810 n1001 n1002 n629 n644 n645 n1003 n681 n728 n729 n1004 n1005 n1012 n638 n639 n1013 n1014
808: 231 n721 n722 n628 n659 n660 n661 n987 n988 n638 n639 n989 n655 n634 n728 n784 n990 n991 n747 n796 n797 n840 n1009 n711 n712 n757 n1006 n635 n667 n1007 n1008 n1010 n1011 n685 n844 n845 n846 n1000 n630 n810 n1001 n1002 n629 n644 n645 n1003 n681 n729 n1004 n1005 n1012 n1013 n1014 n1015 n653 n680 n780 n978 n979 n981 n807 n808 n980 n982 n983 n631 n984 n985 n986 n992 n670 n671 n993 n994 n686 n995 n996 n997 n998 n999 n1016 n1017
809: 231 n674 n675 n676 n677 n1018 n1019
810: 231 n708 n726 n727 n670 n711 n712 n720 n1020 n1021
811: 231 n747 n796 n797 n840 n1022 n1023
812: 231 n628 n629 n644 n645 n1024 n1025 n1026
813: 231 n636 n653 n654 n705 n1027 n1028 n1029
817: 231 n628 n629 n660 n769 n1030 n653 n680 n685 n686 n1031 n1032
818: 231 n626 n662 n741 n749 n681 n634 n728 n729 n1033 n628 n629 n660 n769 n1030 n653 n680 n685 n686 n1031 n1032 n1034 n1035
814: 231 n636 n653 n654 n705 n1036 n747 n807 n808 n980 n1037 n1038
815: 231 n747 n796 n797 n840 n1039 n628 n659 n660 n661 n1040 n1041
816: 231 n636 n653 n654 n705 n1036 n747 n807 n808 n980 n1037 n1038 n796 n797 n840 n1039 n628 n659 n660 n661 n1040 n1041 n1042 n680 n685 n686 n1043 n1044
819: 231 n709 n662 n741 n923 n674 n675 n747 n748 n1045 n1046
820: 231 n626 n662 n741 n749 n681 n634 n728 n729 n1033 n628 n629 n660 n769 n1030 n653 n680 n685 n686 n1031 n1032 n1034 n1035 n709 n923 n674 n675 n747 n748 n1045 n1046 n1047 n663 n752 n636 n654 n705 n1036 n807 n808 n980 n1037 n1038 n796 n797 n840 n1039 n659 n661 n1040 n1041 n1042 n1043 n1044 n1048 n1049
821: 231 n626 n662 n741 n749 n628 n629 n630 n631 n1050 n1051
823: 231 n676 n785 n786 n837 n1052 n1053
824: 231 n630 n628 n659 n810 n1054 n1055
825: 231 n685 n844 n845 n846 n1056 n721 n722 n1057 n1058
826: 231 n644 n711 n712 n713 n1059 n634 n635 n636 n637 n1060 n1061
827: 231 n709 n644 n711 n712 n713 n1059 n634 n635 n636 n637 n1060 n1061 n1062 n1063
830: 231 n676 n796 n797 n798 n1064 n747 n785 n786 n787 n1065 n1066
828: 231 n630 n711 n712 n852 n1067 n644 n628 n659 n758 n1068 n1069
829: 231 n638 n639 n662 n687 n660 n711 n712 n757 n1070 n630 n852 n1067 n644 n628 n659 n758 n1068 n1069 n1071 n1072
831: 231 n626 n662 n741 n749 n653 n680 n681 n682 n1073 n1074
832: 231 n626 n662 n741 n749 n653 n680 n681 n682 n1073 n1074 n660 n711 n712 n757 n1075 n709 n923 n1076 n1077
833: 231 n638 n639 n662 n687 n660 n711 n712 n757 n1070 n630 n852 n1067 n644 n628 n659 n758 n1068 n1069 n1071 n1072 n626 n741 n749 n653 n680 n681 n682 n1073 n1074 n1075 n709 n923 n1076 n1077 n1078 n663 n752 n676 n796 n797 n798 n1064 n747 n785 n786 n787 n1065 n1066 n1079 n1080
834: 231 n674 n675 n676 n677 n625 n626 n627 n1081 n1082
664: 231 n1083 n1084
835: 231 n1085
836: 231 n1086 n1087 n1088
837: 231 n969 n970 n1086 n1087 n1088 n1089 n1083 n1084 n1085 n1090 n1091
838: 231 n969 n970 n1086 n1087 n1088 n1089 n1083 n1084 n1085 n1090 n1091 n1092 n1093
839: 231 n649 n708 n949 n674 n675 n747 n748 n1094 n1095
841: 231 n1096
840: 231 n1097 n1098 n1099
842: 231 n969 n1100
843: 231 n1096 n969 n1100 n1101 n692 n693 n694 n1097 n1098 n1099 n1102 n1103
844: 231 n692 n693 n694 n695 n696 n697 n698 n699 n700 n1104
845: 231 n685 n844 n845 n1105
846: 231 n685 n844 n845 n1105 n626 n662 n663 n752 n1106 n1107
847: 231 n681 n634 n728 n729 n1108 n1109
848: 231 n644 n628 n659 n758 n1110 n721 n722 n1111 n1112
849: 231 n649 n662 n741 n776 n644 n628 n659 n758 n1113 n1114
850: 231 n649 n708 n949 n660 n711 n712 n757 n1115 n1116
851: 231 n653 n680 n685 n686 n625 n626 n627 n1117 n1118
852: 231 n630 n628 n659 n810 n626 n662 n741 n749 n1119 n1120
853: 231 n674 n675 n747 n748 n708 n726 n727 n1121 n1122
854: 231 n649 n662 n741 n776 n628 n659 n670 n671 n1123 n1124
855: 231 n685 n634 n728 n883 n1125 n638 n639 n1126 n1127
720: 231 n1128 n1129
856: 231 n1128 n1129 n1130 n628 n629 n630 n631 n1131 n1132
857: 231 n1128 n1129 n1130 n628 n629 n630 n631 n1131 n1132 n625 n626 n627 n1133 n685 n844 n845 n1105 n1134 n1135
858: 231 n649 n708 n949 n634 n635 n636 n637 n1136 n1137
859: 231 n1128 n1129 n1138 n628 n659 n670 n671 n1139 n1140
860: 231 n653 n654 n655 n656 n1141 n638 n639 n1142 n1143
861: 231 n653 n654 n655 n656 n1141 n638 n639 n1142 n1143 n726 n662 n741 n742 n1144 n630 n711 n712 n852 n1145 n1146
862: 231 n626 n648 n702 n628 n629 n644 n645 n1147 n1148
863: 231 n628 n629 n630 n631 n625 n626 n627 n1149 n1150
822: 231 n676 n785 n786 n837 n1151
864: 231 n628 n659 n670 n671 n1152 n1153
651: 231 n628 n659 n670 n671 n1154
865: 231 n747 n785 n786 n787 n1155 n1156
866: 231 n676 n807 n808 n809 n1157
867: 231 n747 n807 n808 n980 n1158
868: 231 n747 n807 n808 n980 n1158 n1159 n676 n809 n1157 n1160 n1161
869: 231 n747 n785 n786 n787 n1155 n1156 n807 n808 n980 n1158 n1159 n676 n809 n1157 n1160 n1161 n1162 n628 n659 n670 n671 n1154 n1163 n1164
870: 231 n628 n659 n670 n671 n1152 n1153 n747 n785 n786 n787 n1155 n1156 n807 n808 n980 n1158 n1159 n676 n809 n1157 n1160 n1161 n1162 n1154 n1163 n1164 n1165 n837 n1151 n1166 n1167
871: 231 n721 n722 n1168 n644 n711 n712 n713 n1169 n1170
872: 231 n630 n628 n659 n810 n708 n709 n710 n1171 n1172
873: 231 n628 n659 n670 n671 n1173 n629 n644 n645 n1174 n1175
874: 231 n676 n807 n808 n809 n1176 n747 n785 n786 n787 n1177 n1178
875: 231 n628 n659 n670 n671 n1173 n629 n644 n645 n1174 n1175 n676 n807 n808 n809 n1176 n747 n785 n786 n787 n1177 n1178 n1179 n660 n661 n1180 n1181
876: 231 n655 n653 n680 n780 n626 n662 n663 n752 n1182 n1183
877: 231 n655 n653 n680 n780 n626 n662 n663 n752 n1182 n1183 n638 n639 n687 n1184 n676 n796 n797 n798 n1185 n1186
878: 231 n626 n662 n741 n749 n674 n675 n676 n677 n1187 n1188
----------------------------------------
